
2021-08-09 15:30:47.476938

QSim_H_rand_DD
0.0
0.0
0.5000000000137594
0.33333333334250626
0.9999999999741285
0.0
0.0
0.9999999999573206
0.5000000000188636
0.0
0.0
0.9999999999979429
0.0
0.9999999999616379
0.0
0.0
0.0
0.9999999999451008
0.0
0.4999999999811249
0.0
0.49999999998729905
0.0
0.0
0.0
0.0
1.0000000000641855
0.500000000007624
0.49999999999518663
0.0
0.0
0.33333333331593323
0.0
0.9999999999995609
0.0
0.0
0.2500000000068797
0.0
0.0
0.0
0.0
0.3333333333547284
0.0
0.0
0.0
0.19999999999961604
0.0
0.0
0.16666666667125324
0.0
0.1666666666729545
0.0
0.0
0.5000000000162177
0.24999999999456807
0.0
0.0
0.19999999998955992
0.33333333333027015
0.0
0.2500000000092719
0.0
0.0
0.0
0.19999999999946433
0.0
0.33333333332054593
0.19999999999436907
0.1666666666650622
0.24999999999530273
0.1666666666579647
0.2500000000042741
0.0
0.14285714285487683
0.0
0.0
0.0
0.24999999999056244
0.0
0.0
0.0
0.0
-2.4924410578246708e-24
0.250000000003812
0.1999999999923276
0.0
0.0
7.192552289157434e-25
0.0
0.0
0.16666666666133062
0.0
0.0
0.0
0.1999999999966789
0.1249999999982704
0.0
0.0
0.14285714285445872
0.24999999999989023
0.0
0.0
0.14285714285477064
0.0
0.12499999999668625
0.0
0.0
2.5550204979443575e-24
0.12499999999682476
0.11111111110902344
0.0
0.0
0.0
0.11111111111338859
0.0
0.0
0.0
0.0
0.0
0.0
0.12500000000213704
0.12500000000326872
0.14285714286631224
0.0
0.09999999999833939
0.0
0.1250000000080232
0.0
0.1250000000075146
0.0
0.0
0.0
0.09090909091064514
0.0
0.11111111110661465
0.0
-1.2411396715287025e-27
0.24999999999770256
0.11111111111257699
0.0
0.0
0.0
0.0
0.1999999999981621
0.1249999999986388
0.07692307692179949
0.0
0.0
0.0
0.0
0.16666666665252183
-1.2411396715287025e-27
0.0
0.0
0.090909090909648
0.06666666667286195
0.0
0.0
0.0
0.08333333333158213
0.0
0.0
0.0
0.12499999999520474
0.0
0.14285714286027057
0.11111111110866728
0.09090909090711569
0.0
0.0
0.0
0.0
0.12499999998975694
0.07692307692014852
0.07142857142460729
0.09090909090786617
0.0
0.0
0.11111111111330187
0.0
0.09999999999780058
0.11111111110763627
-2.9721849392987587e-27
0.0
0.0
0.0
0.0
0.05882352941438207
0.0
7.177644512249773e-28
0.09090909090879778
0.0
1.2190328495431903e-21
0.08333333333642395
0.0769230769258722
0.10000000000261507
0.0
0.0
0.09999999999477996
0.0
0.0
0.07142857142701944
0.0
8.356238182769204e-22
0.0
0.0
0.06666666666967375
0.0
0.0
0.0
0.0
0.0
0.0
0.09090909091146808
0.0
0.0
0.0
0.0
0.04999999999916964
0.0
0.08333333333253115
0.0625000000040116
0.06249999999864202
0.05882352941654383
0.0
0.0
0.0
2.5111664548370855e-26
1.161912297059514e-21
0.0
0.0
0.0
0.0
0.07692307691961084
0.05882352941065945
0.0
0.0
0.0
0.0
0.0
0.0588235294130783
0.0
0.04545454545339078
0.1428571428562862
0.05555555555247236
0.0
0.0
0.0
0.0
0.0
0.0
0.0
0.058823529408715
0.0
0.0476190476165826
0.0
0.0
0.05555555555318447
0.06666666666708392
0.0
0.0
0.0
0.05000000000076239
0.071428571425197
0.06249999999764061
0.0
0.0
-7.084421805267739e-26
0.0
0.06666666666525903
0.06666666666387783
0.0
0.05555555555376682
0.05882352941235908
0.0
-1.1219384751025471e-25
0.04999999999954069
0.0
0.0
0.0
0.04545454545282464
0.0
-5.499017501157186e-27
0.0
0.062499999998556724
0.0
0.0
0.0
0.0
0.05000000000100853
0.06249999999673749
-1.7284889322385172e-24
0.05263157894734525
0.0
0.05882352940877111
0.1249999999992504
0.0
0.0
0.0
0.0
0.040000000002567454
0.0
0.0
0.0
0.0
0.0
0.0
0.0454545454535578
0.0
0.062499999996308286
3.8730467765202886e-23
0.04347826086884331
0.0
0.055555555555020765
0.0
0.0
-7.084421805267739e-26
0.04166666666576133
0.0
0.03999999999829283
0.0
0.05882352941064233
0.0
0.0
0.0
0.04761904761797342
0.0
0.0
0.0
0.0
0.04999999999890029
0.0
0.0
0.0
0.0
0.04347826086792392
0.0
0.03846153846070278
0.037037037036371866
0.04166666666506826
0.03571428571483028
-2.371009587448857e-23
0.0
0.0
0.03571428571563309
0.06666666666525765
0.0
0.0
0.0
0.04166666666560822
0.0
0.0
0.0
0.0
0.0
0.0499999999977931
0.0
0.1111111111104448
0.03846153846008653
0.047619047616561834
0.06250000000163436
0.04347826086856117
0.03999999999898385
0.0
0.038461538460899745
0.033333333330228726
0.0
0.04347826086829224
0.0
0.045454545454107834
0.043478260869146634
0.0
0.05555555555700835
0.0
0.0
-2.4924410578246708e-24
0.0
1.39194916139613e-24
0.08333333333256754
0.03703703703561621
0.0
0.03571428571369263
0.0
0.0
0.04166666666584132
0.0416666666670302
0.0
0.0
0.04347826086874827
0.0
0.0
0.0
0.039999999999982466
0.0
0.0
0.0
0.03571428571276146
0.045454545451860534
0.03846153845953085
0.0
0.0
0.0
0.038461538462785945
0.03846153846047417
0.0370370370384107
4.663083116261063e-26
0.0
0.0
0.03846153845840544
0.0
0.0
0.037037037037020826
0.0
0.07692307692371209
0.0
0.03448275862172305
0.0499999999978893
0.033333333334332346
0.0
0.04347826087061173
0.0312500000020058
0.039999999997780075
0.0
0.0
0.0
0.03571428571561031
0.0
0.0
0.0
0.0
0.0
0.0
0.0
0.0
0.0
0.0
0.0
0.033333333334016585
0.0
0.0
0.030303030302504006
0.0
0.0
0.03448275862097187
0.03333333333258135
0.06666666666804064
0.0
0.0
0.0
0.032258064516059407
0.029411764705629503
0.0
0.0
0.031249999998820305
0.0
-1.7284889322385172e-24
0.0
0.0
0.0
0.0
0.0
0.031249999998097286
0.0
0.0
0.04761904762029279
0.06249999999942565
0.0
0.0
0.03124999999998628
0.0400000000011008
0.0
0.02777777777820135
0.03703703703498157
4.663083116261063e-26
0.0
0.031249999998368746
0.0
0.031249999999481068
0.0
0.0
0.0
0.030303030301448566
0.02857142856968896
0.043478260869475746
0.05882352940537676
0.0344827586208554
0.030303030302260524
0.03333333333259272
0.029411764705805143
0.04166666666802755
0.028571428570350003
0.0
0.0
0.039999999999013144
0.0
0.03448275861994046
0.03333333333429094
0.0
0.0555555555552224
0.032258064514752244
0.0
0.029411764707191035
0.027777777776712177
0.0
0.027777777776086487
0.052631578946884756
0.0
0.0
0.038461538462544194
0.0
0.0
0.0
0.0
0.0
0.026315789473076487
0.03225806451187973
0.0
0.03225806451552293
0.0
0.038461538459266614
1.6988149503167636e-23
0.0
0.025641025640306903
0.0
0.0
0.0
0.0
0.0
0.04999999999943758
0.0
0.02857142856993715
0.03124999999941284
0.0
0.0
0.0
0.0
0.0
0.0
0.0
0.026315789472674652
0.0
0.027777777777510382
0.0
0.0
0.024390243900632724
0.0
0.0
0.03703703703696079
0.027777777777072184
0.0
0.025641025640193868
0.031249999998666268
0.0
0.0
0.03571428571421223
0.0
0.026315789473247295
0.0
0.0
0.0
0.0
0.0
0.0
0.0
0.02941176470532971
0.03333333333262883
0.025641025640778824
0.0
0.024999999999759354
0.0
0.027777777777255874
0.04545454545492075
0.02439024390116587
0.024999999999040942
0.023809523807306263
0.0
0.0
4.663083116261063e-26
0.022727272725888915
-2.9721849392987587e-27
0.0
0.0
0.03125000000115899
0.0
0.0
0.0
0.0
0.0
0.0
4.663083116261063e-26
0.04347826086916567
0.023809523810237383
0.0
0.034482758619556644
0.0
0.021739130433458966
0.027027027025527096
0.0
0.0
0.0
0.0
0.0
0.0
4.663083116261063e-26
0.02380952381001188
0.0
0.02325581395376612
0.0
0.0
0.0
0.03333333333083563
0.0
0.031249999999935715
0.03225806451701671
0.0
0.0
0.0
0.0
-7.950395021111511e-23
0.0
0.022727272727053917
2.7575080112239172e-28
0.02272727272669539
0.0
0.0
0.026315789472223745
0.02222222222106225
0.021739130433172663
0.025641025640543862
0.02777777777867877
0.0
0.024999999998612583
0.0
0.024390243901980777
0.0
0.0
0.022727272727661257
0.021739130433647808
0.0
0.0
0.02857142856986003
0.0
6.974045376587283e-22
0.02127659574447606
0.0
0.03999999999963245
0.0
0.021739130434179185
0.02857142857217572
0.0
0.0
0.026315789472785553
0.02380952380907645
0.0
1.4253953283044674e-22
0.0
0.0
0.02083333333324231
0.031249999998712964
0.02127659574387763
1.7770118161411881e-26
0.027777777778808
0.0
0.024999999999989045
0.0
0.020408163266616014
0.0
0.030303030303864185
0.0
0.0
0.030303030301736984
0.0
0.0
0.0
0.020833333333132704
0.0
0.0
0.0
0.019607843137994692
0.02439024390210157
0.028571428570807786
0.020408163265109573
0.0
0.0
0.0
0.0294117647074352
0.023255813952197717
0.0
0.02325581395367866
0.0
0.025641025642187672
0.0
0.019999999999232777
0.0
0.0
0.0
0.0
0.0
0.025000000000653767
0.019999999998956013
0.02222222222098892
0.020833333332804054
0.0
0.027777777776137026
0.023809523809073016
0.0
0.020000000000153402
0.0
0.0
0.0
0.0
0.0
0.019607843137066185
-1.719401149828522e-22
0.023255813954242723
0.0
0.02272727272773111
0.0
0.0
0.019230769230584144
0.0
0.0
0.0
0.0
0.02127659574428111
0.022222222223046394
0.035714285715902266
0.0
0.01960784313755387
0.0
0.0
0.0
0.0
0.0
0.0
0.019607843136597497
0.0
0.0
0.022727272728009874
0.0192307692304012
0.020000000000341942
0.034482758619946687
0.018867924527316976
0.0
0.018518518518340216
0.0
0.0
0.019999999999624207
0.0
0.0
0.018181818180869093
0.018867924528589583
0.03225806451593559
0.0
0.0
0.0
0.017543859648831532
0.018518518519109135
0.0
0.022222222221818633
0.0
0.024999999999456797
0.0
0.02380952380973223
0.02173913043477305
0.01851851851789879
0.0
0.0
0.0
2.7575080112239172e-28
0.024390243901398084
0.021276595744671428
0.0
0.018518518517930658
0.02380952380900648
0.017241379310058556
0.0
0.0
0.023255813952982436
0.0
0.0
0.0
0.0
0.0
0.0
0.0
1.0455229181753914e-23
0.0
0.017543859649390318
-2.9721849392987587e-27
0.0
0.0
0.0
0.0
0.0
0.01785714285621076
2.527084426480201e-22
0.0
0.0
0.022222222222803362
0.016666666667008348
0.0
0.0
0.0
0.01785714285675513
0.0
0.0
0.0
0.016949152541943877
0.0
0.0
0.021739130435351067
0.0
0.0
0.0
0.016129032257654795
0.0
4.2150462068955575e-22
0.0
0.0
4.663083116261063e-26
0.0
0.0
0.0
0.0
0.0
0.0
0.02173913043385478
0.016949152542377374
0.0
0.0
0.016666666667618436
0.0
0.0
-4.021441447434087e-26
0.017241379310178773
8.356238182769204e-22
0.018518518517819438
0.0
0.015873015872752343
0.021739130433589174
0.018181818181120697
0.0
0.020833333332880625
0.0
0.0
0.0
0.0
0.020408163264862694
0.0
0.0
0.0
0.021276595744637
0.0
0.0
0.024390243901958108
0.0
0.0
0.0
0.015384615384405942
0.017857142856468736
0.017543859648460523
0.0
0.020833333332189598
0.0
0.0
0.0
0.0
0.016129032257222564
0.0
0.0
0.0
0.016393442623200805
0.019999999999958877
0.0
0.0
0.0
0.0
0.020000000000741744
0.017857142857721994
0.019607843136886502
0.0
0.0
0.0
0.0
0.015873015872187354
0.0
0.0
0.0
0.0
0.018867924527254814
0.0
0.0
0.0
0.0
0.0
0.0
0.0
0.0
0.015384615384134208
0.0
0.0
0.0
0.0
0.01960784313591633
0.018867924527891922
0.0
0.0
0.0
0.0
0.019230769230729604
0.0
0.015151515152487645
0.0
0.01851851851811618
0.0
0.018867924527266062
0.0
0.0
0.0
0.0
0.0
0.0
0.0
0.0
0.0
0.0
0.0
0.0
0.014492753623409387
0.018518518517715223
0.0
0.0
0.029411764706396084
0.0
0.01724137930938801
0.0
0.0
0.0
0.0
0.014492753622431947
0.0
0.014285714285932108
0.0
0.02222222222283379
0.014925373134080553
0.0
0.014084507043157522
0.0
0.0
0.0
0.01470588235284805
0.017241379309323224
0.0
0.017543859649626785
0.01694915254137154
0.02173913043538083
0.0
0.014705882352697031
0.016949152542054403
0.0
0.0
0.014492753622539618
0.0178571428578051
0.0
0.0
2.313163824631259e-21
0.0
2.313163824631259e-21
0.0
0.017241379311259096
0.017543859649773466
0.0
0.0
0.0
0.0
0.01724137931078936
0.017543859649086772
0.0
0.02083333333224975
0.0
0.016129032258587653
0.014492753622820216
0.0
0.0
0.0200000000005504
0.0
0.02857142857005463
0.0
0.0
0.0
0.0
0.016393442622251175
0.0
0.0
0.01408450704157109
0.013888888889100675
0.016949152543001497
0.0
0.0
-5.916190043781181e-19
0.013888888889632058
0.0
0.019607843137453118
0.0
0.0
0.0
-2.4924410578246708e-24
0.014084507042117916
0.01923076923070169
0.016666666665902864
0.013888888888148586
0.0
0.01612903225717903
0.016949152542013974
8.188174711221442e-28
0.013698630136152178
0.0
0.0
0.0
0.0
0.013888888889644811
0.013698630136638386
0.0
0.016393442623291975
0.0
0.0
0.015625000000579495
0.0277777777766623
0.015384615385185964
0.027027027026864957
0.0
0.0
8.188174711221442e-28
0.0
0.0
0.0
0.0
0.0
0.0
0.013698630136271286
0.015151515150683345
0.0
0.0
0.0
0.013157894737686679
0.0
0.012987012987846555
0.0
0.0
0.01298701298679733
0.0
0.016129032258486272
0.0
0.0
0.0
0.013513513513383396
0.0
0.0
0.014925373133755776
0.01886792452882111
0.0
0.013333333333205064
0.0
0.0
0.0
0.0
0.0
0.014705882352862635
0.0
0.0
0.01492537313488192
0.013157894736155303
0.0
0.0
0.0
0.012987012986334957
0.0
0.0
0.01851851851742465
0.0
0.0
0.0
0.0
1.0455229181753914e-23
0.0
2.0304304095520738e-24
0.0
0.0
0.0
0.0
0.0
0.0
0.025641025641159894
0.01587301587233845
0.0
0.0
0.011904761904943429
0.013513513512928376
0.0
0.024999999998757072
0.0
0.0
0.0
0.0131578947363446
0.0
0.0
0.0
0.0
0.01449275362281341
0.0
0.0
0.012987012986222252
0.01724137931161725
0.0
0.0
0.0
-4.469707944570003e-28
0.015151515151178524
0.0
0.0
0.0
0.0
0.0
0.01265822784783395
0.0
0.0
0.0
0.0
0.0
0.0
0.0
0.0
0.014285714286244085
0.0
0.0
0.0
0.015624999999333134
0.0
0.01234567901203202
0.0
0.0
0.0
0.016949152541863376
0.0
0.0
0.0
0.0
0.0
4.663083116261063e-26
0.0
0.023809523808291617
1.4253953283044674e-22
1.39194916139613e-24
0.0
9.055550162941412e-27
0.0
0.0
0.0
0.0
0.0
0.012195121951102124
0.0
0.016666666666800403
0.0
0.0
0.0
0.0
0.0
0.0
-2.4924410578246708e-24
0.013888888888364585
0.014084507041480274
7.431640358355874e-23
0.0
0.0
0.013888888888126432
0.012048192770455348
0.013698630136913137
0.0
0.01190476190414043
0.0
0.01428571428492147
0.012658227847330613
0.014285714284555542
0.0
0.015873015873853858
0.0
0.0
0.013698630137292203
0.0
0.012195121951017013
0.0
0.0
2.138194189925154e-25
0.014084507042981666
0.01136363636304317
0.0
0.0
0.013157894736337326
0.013888888888847923
0.015384615384373827
0.0
0.014925373134004077
0.0
0.0
0.013513513513485688
8.188174711221442e-28
0.0
-1.1219384751025471e-25
0.0
0.012345679012060644
0.0
0.012987012987447777
0.0
0.0
0.0
0.01190476190445957
0.0
0.0
0.0
0.014925373134739134
0.0
0.0
0.0
0.012048192770332276
0.0
0.011904761904487065
0.011764705882054053
3.1681233374715856e-24
0.0
0.0
0.0
0.011363636364365734
0.013333333332601331
0.0
0.0
0.0
0.0
0.0
0.0
0.01136363636344765
0.0
0.01123595505690099
0.011235955055993108
0.0
-2.4924410578246708e-24
0.011111111111280537
0.013157894736815078
0.0
0.010989010989178554
0.0
0.01086956521755704
0.013888888888118097
0.0
0.012658227847406351
-2.2156217200098516e-25
0.0
0.011111111110828829
0.0
0.0212765957436577
0.0
0.0
0.0
0.010752688172733168
0.013333333333327453
0.012195121951412853
0.0
0.0
0.0
0.014705882352313567
0.012987012986616536
0.0
0.014492753622569843
0.0
0.0
0.012499999999313772
0.013157894736836368
0.012987012987485991
0.0
0.0
0.0
0.01190476190428411
0.0
0.0
0.0
0.013513513513259608
0.0
0.0
0.0
0.02040816326172418
0.0
0.0
0.0
0.0
0.01265822784838702
0.0
0.0
0.0
0.0
0.0
0.0
0.0
0.011764705881908834
0.01428571428512939
0.01041666666612299
0.0
0.010869565217115245
1.39194916139613e-24
0.014084507042100007
0.0
0.0
0.012820512820928723
0.01162790697647569
0.0
0.010638297872070154
0.0
0.0
0.010526315789206217
0.0
0.0
0.013888888888571371
0.0
0.010309278350344344
-1.5736877891936452e-21
0.0
0.0
0.0
0.0
0.012499999999974353
4.663083116261063e-26
0.0
0.0
0.0
0.0
0.0
0.012345679012668458
0.0
0.010204081632120417
0.0
0.0
0.012048192772013817
0.012987012986768978
0.0
0.010101010100753581
0.0
0.011363636363513162
0.012820512820271917
-2.4924410578246708e-24
0.011235955055629396
0.019230769230996148
0.0
0.01136363636294011
0.0
0.0
0.0
0.0
-4.469707944570003e-28
0.012048192770422884
0.0
0.0
0.0
0.0
0.012658227847815662
0.013698630137363329
0.0
0.0
0.0
0.014084507041947476
0.011764705881707053
0.0
0.0
0.01249999999976512
0.0
0.0
-1.4500762120644292e-25
0.0
0.011764705882660544
0.0
0.011494252872932192
0.0
0.0
0.012345679012113715
0.0
0.0
0.0
0.009174311926762296
8.188174711221442e-28
0.0
0.009900990098845496
0.0
0.0
0.0
0.011235955055867872
0.009999999999903742
0.0
0.0
0.0
0.009803921568464612
0.0
0.0
0.012195121951214168
0.009615384615224909
0.009803921568533037
0.0
0.0
0.0
0.0
0.013157894736404186
0.012195121950542724
0.010989010988341864
0.009523809523651339
0.011494252873863776
0.0
0.012048192770857946
0.0
0.0
0.01123595505598173
0.0
0.0
0.0
0.0
0.012048192770868955
0.011904761904538212
0.009433962263994282
0.0
0.0
0.0
0.0
0.013333333333043658
0.0
0.011904761905148109
0.010869565217089592
0.012499999999853802
0.0
0.0
0.0
0.0
0.012345679011616506
0.0
0.0
0.0
0.0
-1.1219384751025471e-25
0.011764705882557978
0.0
0.0
0.0
0.010869565216843931
0.0
0.0
0.011111111111350741
0.0
0.0
0.0
1.8985756715695176e-26
0.0
0.0
0.0
0.0
0.011363636363012498
0.0
0.0
0.0
0.0
0.00934579439236817
0.01098901098929831
0.01123595505659649
0.010204081632236095
0.010869565217675478
1.4253953283044674e-22
0.011494252872925301
0.0
0.0
0.0
0.0
0.0
0.0
0.0
0.011363636364004937
0.012048192770854489
0.0
0.0
0.012820512819965657
0.0
0.0
0.0
0.01052631578923064
0.0
0.0
0.0
0.011904761904425624
0.0
0.0
0.0
0.0
0.010638297871950777
0.0
0.011111111111471464
0.0
0.0
0.010869565217794395
0.0
0.010416666666939023
0.009999999999616375
0.00961538461553121
0.0
0.0
0.0
0.0
0.0
0.011363636363422842
0.0
0.0
1.4253953283044674e-22
0.0
0.0
0.0
0.0
0.010309278349887728
0.012499999999728412
0.010204081632529605
0.009900990098636145
0.0
0.0
0.0
0.0
0.0
0.010638297872734934
0.0
0.0
0.011627906976057376
0.009803921568502003
0.0
0.0
0.009009009008780183
0.0
0.0
0.0
0.01010101010145574
0.010101010100967703
0.0
0.0
0.0
0.009009009008538757
0.0
0.0
0.0
0.0
0.009433962264294792
0.0
0.0
1.7864065612561303e-20
0.0
0.0
0.0
0.00990099009898954
0.0
0.008928571428485445
0.0
0.00952380952344415
0.009345794393123231
0.01666666666712198
0.0
8.188174711221442e-28
0.0
0.0
1.8641648194549444e-22
0.0
0.016393442621647356
0.0
0.0
0.0
0.009345794392170561
0.0
0.01030927835089783
0.0
0.008771929824415766
0.0
0.0
0.010204081633031516
0.0
0.010101010100455545
0.0
0.009708737864331548
0.0
0.0
0.0
0.0
0.0
0.0
0.016129032258346263
0.0
0.01111111111141684
0.008849557521661961
0.0
1.4253953283044674e-22
0.0
0.0
0.0
0.00970873786348653
0.0
0.012048192770570138
0.008620689654789598
0.0
0.0
0.0
0.01041666666634569
0.0
0.0
0.008771929824103535
-2.371009587448857e-23
0.0
0.0
0.0
0.0
0.010309278349611022
0.011111111110494433
0.015873015873246486
0.010204081632648592
0.010869565217906678
0.010989010988401087
0.0
0.0
-2.371009587448857e-23
0.008474576271563493
0.0
0.0
0.011764705881850815
0.00961538461516254
0.0
0.009174311926259173
0.0
0.0
0.009433962264131535
0.0
0.00900900900958725
0.009523809523908001
0.00990099009903864
0.0
0.009009009008668922
0.00892857142870757
0.0
0.00943396226348701
0.0
0.008928571428228893
0.0
0.00961538461574122
0.008403361344911691
0.00884955752178442
7.431640358355874e-23
0.0
0.0
0.01149425287331346
1.0455229181753914e-23
0.0
0.0
0.0
0.009523809523286696
0.0
0.015624999999906302
0.00961538461484153
0.0
0.0
0.0
0.0
0.010638297871776392
0.0
0.00925925925895453
0.0
0.0
0.01136363636315136
0.0
0.0
0.0
0.011111111110869652
0.008849557522691922
0.0
0.010752688171840996
0.008620689654841696
0.0
0.0
0.0
0.010989010988541973
0.010869565216927418
0.0
0.0
0.0
0.008264462809707506
7.177644512249773e-28
0.008695652173459079
0.0
0.008196721311267207
0.014925373134191159
0.00934579439250414
0.014705882353198042
0.0
0.0
0.0
0.008064516128898334
0.0
0.010416666666051344
0.0
0.0
0.0
0.010752688171584084
0.008474576271164169
0.0
0.009090909090699109
0.0
0.00800000000016399
0.009009009008662366
0.0
0.00892857142824056
0.0
0.009174311926586687
0.0
0.0
0.0
0.010204081632416522
0.008547008546926348
0.009090909090746752
0.00869565217404564
0.0
0.009345794392869979
0.0
0.00847457627164769
0.008849557521585087
7.431640358355874e-23
0.0
0.009259259258750919
0.0
0.0
0.014084507043006175
0.0
0.0
0.00877192982456126
0.0
0.010638297872140528
0.0
0.010526315788889505
0.0
0.0
7.431640358355874e-23
0.008333333333253192
0.0
0.0
0.013698630137718326
0.0
0.0
0.0
0.0
0.008849557521483399
0.0
0.010416666666470911
7.431640358355874e-23
0.00862068965508658
0.0
0.010309278350321752
0.0
0.0
0.0
0.01020408163246132
0.008771929824319753
0.0
0.0
0.0
0.009174311926101842
0.0
0.0
0.008196721311396512
0.0
7.177644512249773e-28
0.0
0.009999999999445033
0.0
0.0
0.0
0.0
0.0
0.0
0.0
0.0
0.01010101010115319
-2.4924410578246708e-24
0.008064516128954615
0.0
0.0
0.0
0.008474576271730393
0.0
1.4253953283044674e-22
-7.423935094040218e-26
0.0
0.009803921568083351
0.0
0.0
2.863834301274771e-27
0.0
0.008403361345220515
0.009708737863538854
0.008928571428902536
0.0
0.0
0.0
0.0
7.177644512249773e-28
0.0
0.008849557522452116
0.0
7.177644512249773e-28
0.0
0.009174311926265458
0.0
0.0
0.0
0.0
0.0
0.0
0.0
0.008333333332521035
0.007751937984299224
0.0
0.0
0.0
0.009615384614850979
0.0
0.008264462809414131
0.0
0.00970873786434484
8.188174711221442e-28
0.0
0.0
0.0
0.00819672131200153
0.0
0.012820512820435937
0.012658227848025344
0.007751937984091375
0.0
0.0
0.0
0.0
0.0
0.0
0.0
0.009009009009301237
0.0
0.0
0.009523809523280998
0.0
0.008547008547199433
0.007936507936745784
0.008928571429169724
0.012499999999885141
0.0
0.0
0.009615384615456905
0.0
0.0
0.007633587786065536
0.00819672131105216
0.0
-2.4924410578246708e-24
0.0
0.008474576271375718
0.0
0.0
0.0
0.0
0.008130081301334831
0.009708737863663303
0.0
0.0
0.0
0.012195121951146394
0.0
0.009433962263973687
0.0
8.356238182769204e-22
0.007812499999705076
0.0
0.0
0.0
0.012048192771012071
0.011904761904690501
0.0
0.008064516129549875
8.188174711221442e-28
0.008849557522410945
0.0
-7.423935094040218e-26
0.0
0.0
0.0
0.0
0.0
0.0
0.0
0.0
0.009523809523602614
0.007575757575565131
0.0
0.009345794392419813
0.0
0.00751879699235629
5.482822559637533e-26
0.007999999999254902
0.0
0.0
0.0
0.0
0.0
0.007999999999782457
0.008264462810133443
0.0
0.00819672131116421
0.0
0.007936507936497549
0.009259259259245915
0.0
0.0
0.007874015747837335
0.009345794392347766
0.007407407407306601
-2.4924410578246708e-24
0.0
0.0
7.431640358355874e-23
0.0
0.0
0.009345794392124492
0.0
0.0
0.007352941176283784
0.0
0.009174311926096353
0.009174311926213978
0.011627906976637323
0.011494252873457577
0.008474576270488463
0.0
0.0
0.0
0.0
0.007518796992408877
0.00746268656709236
0.0072463768114100525
0.0
0.009174311926858029
0.00806451612901566
0.0
0.009090909090738284
0.0
1.39194916139613e-24
0.0
0.0
0.0
0.008403361344534207
0.007751937984353715
0.009090909090953059
0.00900900900883973
0.0
0.0
0.0
0.009090909090711596
0.0
0.0
0.0
0.0
0.0
0.007407407407123241
0.0
0.0
0.009009009008545713
0.011111111111044498
0.0
0.009009009008624528
0.007194244604133755
0.0
1.39194916139613e-24
0.007092198581442522
0.0
0.007874015747778594
0.0
0.0
0.0
0.01086956521729141
0.008771929824041453
0.0
0.008928571428377483
0.007751937984218495
0.0
0.0
0.0
0.0
0.0
0.0
5.482822559637533e-26
0.0
