
2021-08-02 14:53:01.169140

IBMQ_1q_H_rand
0.0
0.0
0.0
0.0
0.5
1.0
1.0
0.0
0.5
0.0
1.0
0.0
0.0
0.0
0.33333333333333337
0.0
0.0
1.0
0.0
0.0
0.5
0.0
0.0
0.0
0.0
0.0
0.0
0.0
0.0
0.0
1.0
0.25
0.2
0.0
0.0
0.0
0.0
0.25
0.33333333333333337
0.0
2.7755575615628914e-17
0.0
1.0
0.33333333333333337
0.25
0.0
0.0
0.0
0.0
0.0
0.25
0.0
0.0
0.0
0.0
0.5
0.0
0.25
0.0
0.25
0.2
0.0
0.25
0.0
0.0
0.25
0.25
0.16666666666666666
0.0
0.16666666666666669
0.0
0.0
0.0
0.14285714285714282
0.33333333333333337
0.33333333333333337
0.0
0.0
0.0
0.19999999999999996
0.12499999999999999
0.0
0.19999999999999996
0.0
0.16666666666666669
0.0
0.16666666666666663
0.125
0.0
0.0
0.25
0.16666666666666666
0.0
0.0
0.1428571428571428
0.16666666666666663
0.0
0.0
0.25
0.0
0.125
0.20000000000000007
0.0
0.0
0.0
0.0
0.2
0.19999999999999996
0.09999999999999996
0.0
6.938893903907228e-17
0.11111111111111115
0.0
0.0
0.11111111111111115
0.0
0.09090909090909088
4.163336342344337e-17
0.14285714285714293
0.0
0.0
4.163336342344337e-17
0.125
0.0
0.0
0.11111111111111112
0.0
0.0
0.10000000000000003
0.16666666666666669
0.0
0.0
0.0
0.125
0.0
1.3877787807814457e-17
0.0714285714285714
0.0
0.0
0.0
0.0
0.0
0.06666666666666665
2.7755575615628914e-17
0.0625
0.0
2.7755575615628914e-17
0.0
0.0
6.938893903907228e-18
0.0
0.09999999999999998
0.0
0.14285714285714282
0.0
0.0
8.326672684688674e-17
0.09090909090909084
0.09090909090909083
0.08333333333333331
0.1428571428571428
0.08333333333333334
0.09999999999999998
0.1111111111111111
0.0
0.0
0.125
0.0
0.09090909090909088
0.0
5.551115123125783e-17
0.07142857142857144
0.0
5.551115123125783e-17
0.0
0.0
0.0
0.09999999999999995
5.551115123125783e-17
0.09090909090909091
0.06666666666666668
0.0714285714285714
0.09090909090909095
0.0
0.0
0.0
0.07692307692307691
0.08333333333333331
0.0714285714285714
1.3877787807814457e-17
0.0
0.09999999999999998
0.0
2.7755575615628914e-17
0.0
0.0
0.0
0.0
0.0
0.0625
0.08333333333333337
0.0
0.05882352941176472
0.0
0.0
0.06666666666666665
0.0
0.0625
0.0
0.055555555555555525
0.07692307692307693
0.0
0.06666666666666671
0.05263157894736842
0.0
9.71445146547012e-17
0.0
0.07142857142857145
0.06666666666666665
0.0
0.0
0.0
0.0
0.0
0.07142857142857142
0.0
0.0
0.06666666666666665
0.06666666666666672
5.551115123125783e-17
0.0625
0.0
0.05
0.0625
0.0
2.7755575615628914e-17
0.0
0.08333333333333329
0.0
0.0
2.7755575615628914e-17
0.07692307692307693
0.05
0.0
0.07142857142857142
0.0
2.7755575615628914e-17
0.07692307692307693
0.0
0.04545454545454547
0.0
0.04347826086956519
0.0
0.0
0.07142857142857145
0.0
0.0
0.0
0.0
0.06666666666666665
0.0625
0.0
0.05882352941176472
0.06666666666666665
0.05555555555555548
0.06666666666666665
0.0
0.047619047619047616
5.551115123125783e-17
0.0
0.04545454545454547
0.05882352941176472
0.05882352941176472
0.05555555555555555
2.7755575615628914e-17
0.058823529411764636
0.0
1.1102230246251565e-16
1.3877787807814457e-17
0.0
0.0
0.0
0.0
0.0
0.0
0.0
0.0
8.326672684688674e-17
0.0
0.05882352941176471
0.0
0.0
0.05000000000000002
0.0
1.3877787807814457e-17
6.938893903907228e-17
0.0
0.06666666666666665
0.0
0.05263157894736842
8.326672684688674e-17
0.06666666666666665
0.04166666666666663
0.0
0.040000000000000036
0.0
0.05555555555555552
0.0
0.0
0.0
0.047619047619047616
0.0
0.0
0.0625
0.04761904761904763
0.0
0.0
0.0
0.0
0.0
0.0
0.0
0.0
0.04347826086956527
0.03703703703703698
0.04999999999999999
0.0
0.0
0.04999999999999997
5.551115123125783e-17
0.0
0.045454545454545414
0.04166666666666663
5.551115123125783e-17
1.3877787807814457e-17
6.938893903907228e-18
0.0
0.0
0.0
0.0
0.05882352941176467
0.0
0.038461538461538484
0.05263157894736842
0.055555555555555566
0.0
0.0
0.0
0.0
0.0
0.037037037037037035
0.0
0.047619047619047616
0.0
0.049999999999999975
0.03448275862068967
0.0
0.050000000000000044
0.0
1.3877787807814457e-17
0.047619047619047644
0.0
0.0
0.0
0.0
0.0
0.03125
0.04545454545454544
0.0
0.0
0.0
0.0
1.3877787807814457e-17
0.0
0.040000000000000036
0.0
0.041666666666666685
0.0
0.0
0.039999999999999994
0.0
0.038461538461538464
0.0
0.037037037037036986
0.03846153846153847
0.030303030303030276
0.03571428571428567
0.04761904761904767
0.0
0.0
0.032258064516129004
0.043478260869565216
0.0
0.0
0.0
0.047619047619047616
0.03571428571428577
0.0
0.04545454545454544
0.0