
2021-08-09 14:43:35.052040

QSim_H_rand_BD
1.2590251167028027e-17
3.1578202591852294e-18
0.0
2.534463223783952e-18
2.271812759622581e-18
3.687776903943673e-18
0.0009003519007077385
0.08459704223197692
0.07286430262374685
0.044728622960563895
0.044728622960563895
0.05321692264493697
0.07976843365368294
0.12192088192861292
0.12124094543894122
1.414886450381966e-17
1.6267893179898575e-17
0.13521661134199056
0.0677444832160349
0.0365899382572868
0.06807570000324031
0.051294335270915446
0.05707256793506113
0.06040986861002235
0.07938005087792403
0.24869471069449434
0.22582877589903222
0.2085628907830452
0.20548587498913057
0.2085628907830452
0.1923313970094965
0.1923313970094965
0.21930645663013212
0.21930645663013212
0.20321432411363446
0.2048066232483703
0.2752448188797375
0.09622163549474466
0.023917547035822353
0.02458440990440246
0.01539294388975789
0.02580335479203001
0.1305390148428597
0.026574071047232004
0.026574071047232004
0.02570624883345203
0.019541658618274962
0.10966790876318576
0.12105404294316864
0.12105404294316864
0.11160918511528173
0.14663390851753147
0.2004955420277821
0.2977561524278631
0.5873357469523267
0.5755658138141149
0.5804143408033849
0.6030720888152811
0.29650810890528
0.3402845998338962
0.12597666156976978
1.5354097258019843e-17
1.336339060811587e-17
3.19015076585689e-17
3.19015076585689e-17
3.276531067430827e-18
5.724742306577578e-18
8.064825251916944e-18
2.6898229887037912e-17
7.146183878034624e-20
6.215965945217358e-18
6.215965945217358e-18
3.406332196399725e-17
2.655149557640236e-18
1.4561191717774158e-19
1.4561191717774158e-19
1.5920922695730993e-17
1.4396421043541769e-18
1.4396421043541769e-18
6.4044907725860464e-18
1.7158015324412058e-18
8.349261987255457e-18
3.2462051704336225e-17
3.948650748190183e-18
8.313919711266257e-19
8.313919711266257e-19
8.313919711266257e-19
1.2013366132785714e-17
2.0805445846894548e-17
1.5559730893530785e-17
2.8288314778364556e-17
3.5120377945063395e-17
1.259476055533102e-17
1.3336506432310895e-17
3.3282133498682807e-17
1.6175405099056518e-17
1.6175405099056518e-17
5.336968640739969e-17
6.9123400986756735e-18
5.45141683516208e-17
2.0507415822250737e-17
0.30171746361122886
4.721073379222039e-17
1.5696271765917616e-18
1.5696271765917616e-18
3.2050226768680558e-18
2.073185352652431e-17
1.0853328291284976e-17
9.053412927041704e-18
5.922364694440768e-18
2.956572076214612e-17
9.3603787486378e-18
8.161206296046766e-18
3.0234966474564772e-18
2.3193335705339552e-17
1.1983874866565118e-18
3.4328444178019347e-17
3.3072203049375644e-17
4.1788299224805745e-18
4.1291672829057163e-17
6.791272043940881e-18
2.662208043923198e-17
2.662208043923198e-17
4.2200655563697526e-17
4.2200655563697526e-17
3.3807873654274885e-19
3.3807873654274885e-19
3.3807873654274885e-19
4.098971774872755e-18
4.55756820856749e-17
0.36035087261925375
0.36035087261925375
0.36276974788945615
0.35870256167700176
0.35502454412166085
0.34534444607447046
0.3453444460744705
0.35079208378575055
0.356904143837848
0.324225992741626
0.37465747622043066
0.3627997237270951
0.34580422450770965
0.3480650237513868
0.3574255930516194
0.36692264433080374
0.38626123101869914
0.38089607650440854
0.44353101338595924
0.44353101338595924
0.44353101338595924
0.4403269814194798
0.3824275943863773
3.3297334272807235e-17
1.875285596024392e-17
3.569961579800263e-17
3.1225738624778066e-18
3.5960101809474805e-18
3.5960101809474805e-18
3.5960101809474805e-18
2.0208941516407667e-17
2.0208941516407667e-17
1.3490417845574893e-17
1.520059497118815e-17
1.766158496183401e-17
1.147002056490145e-17
1.147002056490145e-17
2.6880610250540334e-17
3.1027186068988196e-17
1.8489125649008424e-17
1.3161661532924635e-17
1.3161661532924635e-17
1.6393102448728132e-17
1.4646579937696272e-17
2.4127741926325928e-17
3.145947626739802e-18
1.1761844323974158e-17
2.4749881713721072e-17
2.393819524344969e-17
2.393819524344969e-17
1.7649351243962232e-17
2.2977056726658798e-17
9.971697997555408e-18
1.9607304525739537e-17
2.93641513801413e-18
1.079141966840919e-17
2.0124038094785217e-18
1.3047268331052742e-17
6.6610828900901415e-18
1.328350713901387e-17
1.2362645763155984e-17
2.0712072466393263e-17
1.7598854479839434e-17
2.5425681358152592e-17
5.880734964219894e-18
5.880734964219894e-18
1.264498210994669e-17
1.4683018728158978e-17
1.6995630951294468e-17
2.8387239589725216e-17
2.6114731515357684e-17
0.34541880880467096
0.3268976200829636
0.32667768069370196
0.32437727432653457
0.32437727432653457
0.32437727432653457
0.32437727432653457
0.3205971773849842
0.3268119945641959
0.32557348355097027
0.32557348355097027
0.32557348355097027
0.34046728879539573
0.3396629727814272
0.3396629727814272
0.3687180001753578
0.355669729073541
0.355669729073541
0.355669729073541
0.355669729073541
0.355669729073541
0.35469258753858035
0.35953107645834936
6.606221769533387e-18
3.674215179358178e-17
1.9550372970990127e-17
1.3777173133854654e-17
1.8662060469139062e-17
7.632960051058372e-18
8.16457252956876e-19
3.2491470380143504e-18
5.906458450351616e-18
9.717045353372543e-19
2.3748900076809782e-18
2.2053622780709784e-17
1.5247055879138198e-17
1.1801310473213315e-17
1.063761285636659e-17
1.6157472029402666e-18
2.49758990546345e-17
7.902177408695304e-18
7.902177408695304e-18
1.948708041827671e-17
4.2979315861958104e-17
1.2584312569247433e-17
3.0478658780383544e-17
1.8185648682003645e-17
3.64416920701891e-17
1.0772282408372634e-17
1.951471728964651e-17
3.1226799704027333e-17
2.748004127191303e-17
5.0769778750102996e-17
1.0116785909439347e-17
0.28911979109974756
0.2847715540307109
0.28276953123443754
0.280563727412307
0.2702166634726382
0.26789705075765585
0.27879972049349977
0.3523291151228383
0.3537850155220582
0.3537850155220582
0.34946173574187006
1.6892840763233316e-17
3.451806347319341e-18
1.416503816174855e-17
1.5652126503956686e-17
0.3573063212569199
2.789476391339507e-17
1.8558236701787774e-18
9.49978390277227e-19
9.49978390277227e-19
9.49978390277227e-19
1.564688029564415e-17
2.689113651980067e-17
2.756182843823758e-17
4.347716706682852e-17
5.059615483218087e-18
6.507857319017355e-18
4.5061077832753464e-17
4.5061077832753464e-17
4.5061077832753464e-17
3.3177421011116645e-18
3.3177421011116645e-18
1.2879288327553418e-17
1.7562881295335994e-17
1.1604619419238277e-18
4.313936412122105e-17
3.63990806230489e-18
2.8943544745107875e-18
1.3224130748203853e-17
1.1201984690784979e-17
3.760423907045193e-18
2.88615123910915e-18
1.0876294760422263e-17
5.495022025525097e-18
9.226145411034813e-18
3.3227013374774805e-17
3.496919688289142e-18
3.496919688289142e-18
2.2394538492234588e-17
2.56145256398241e-17
2.56145256398241e-17
2.81471342251072e-17
1.0151589362922186e-17
1.538450704895432e-17
1.538450704895432e-17
2.6249518246288953e-17
1.8502137724299593e-17
2.200513546394186e-17
2.59725139621204e-18
5.554299604638485e-19
6.181875237414243e-17
1.087991462351037e-17
1.3453233599653533e-17
1.5045768328660075e-17
3.410247809652201e-17
1.4955305111482216e-18
3.452658863064923e-17
1.4955305111482216e-18
1.4955305111482216e-18
1.330281940149938e-18
4.9327376807059745e-17
4.9327376807059745e-17
4.9327376807059745e-17
5.423679612198623e-17
3.012672933625725e-18
1.9347728983184697e-17
2.4591481289075517e-17
2.655045160595136e-17
1.0674509428855304e-17
5.340778402563732e-18
2.75194752432406e-17
2.75194752432406e-17
2.75194752432406e-17
2.2841240091878652e-17
8.24562032168541e-18
4.6420265728497164e-17
3.693484986481549e-17
3.217268495423437e-17
4.3835385275741565e-17
5.299856445606809e-17
3.345384023494052e-17
5.1107603800226946e-17
3.1966758270918156e-17
3.120380218767158e-17
2.756539903640025e-17
1.0658579889238587e-17
9.637583230929122e-18
1.0249221311278517e-17
6.378910442956635e-18
6.378910442956635e-18
6.378910442956635e-18
2.5648986802354082e-17
4.365312889112107e-17
4.365312889112107e-17
3.47894642737633e-18
1.1023812289168998e-17
2.885011443910688e-17
6.275572561637078e-18
2.5778379268313147e-17
2.5778379268313147e-17
2.5778379268313147e-17
2.5778379268313147e-17
2.5778379268313147e-17
3.3691531297078535e-17
8.503266554890094e-18
1.7616452736438008e-19
2.070025049227807e-17
2.3574162537239297e-17
1.4437663151410476e-17
1.1793275341098034e-17
1.2534717605909094e-17
1.9170192132508196e-17
4.8472912834496e-17
3.532342098286712e-17
3.532342098286712e-17
3.532342098286712e-17
3.532342098286712e-17
8.95543597367341e-18
5.464564849075151e-19
5.464564849075151e-19
3.478562917941863e-18
1.742382252940946e-17
1.2042758956751348e-17
2.0734720864469208e-17
4.544424798846259e-18
4.544424798846259e-18
1.4266294362155952e-17
1.0973979684399406e-17
1.0973979684399406e-17
1.7940973434690492e-17
6.953704404729571e-18
2.4214857846283727e-17
1.6934419488036903e-17
2.9817329741902316e-17
2.7663635201979695e-17
2.940835791547984e-17
4.6116364273626843e-17
2.6492582757268677e-17
8.254174574087468e-18
1.0636554439786776e-17
4.757340365166194e-18
1.677002756791771e-17
1.677002756791771e-17
1.1729595221762504e-17
1.757395144840203e-17
2.642287102166611e-17
2.1955122485221505e-17
9.936896482257306e-18
3.8211033320669025e-18
1.4187394244504247e-17
1.8281472422352798e-17
1.8119287935716796e-17
2.140270554434531e-17
1.1239045033523149e-17
2.0048327578293387e-17
6.486422038411444e-18
1.2546652674211168e-17
2.124377557646379e-17
1.742663659785419e-17
3.952678394427605e-17
7.926186913693963e-18
1.4303100070902062e-17
2.7602102857009586e-17
5.807979899974395e-18
5.807979899974395e-18
1.895185382482552e-17
7.493664452537772e-18
9.617582737665509e-18
7.88616087925731e-18
6.673007557525227e-18
1.7886057784026975e-17
1.7886057784026975e-17
7.489777629289729e-18
1.0151169721378107e-17
1.0585927603193024e-17
2.0028295054121267e-18
2.0028295054121267e-18
5.797180442147277e-18
0.21736542987687013
4.677041874764075e-17
3.9308925561986346e-17
2.7935340453312786e-17
4.145372928856246e-18
1.2086580167694198e-17
1.1974203444625682e-17
4.818284013099281e-18
1.2354246117298628e-17
1.8880493589388433e-17
1.9908597289101207e-17
1.178940632558451e-17
3.902391802384398e-17
6.410852823675348e-18
6.410852823675348e-18
6.410852823675348e-18
7.930683583403523e-18
5.091641489423353e-18
2.3581421934055864e-18
1.5756422527619597e-17
1.3206385914775115e-17
1.3280229511070412e-17
2.3682031942721526e-18
2.6638230440921352e-17
2.6638230440921352e-17
2.6638230440921352e-17
2.6638230440921352e-17
4.50902982255992e-18
3.3330670147876655e-17
4.394663570267935e-18
1.3404171645077857e-17
6.644906424575304e-19
1.4668317451348705e-17
6.08175025568012e-18
2.0255715452725372e-17
2.0255715452725372e-17
2.7302264568200957e-17
1.238737539718955e-17
2.6990806543378583e-17
2.6990806543378583e-17
1.677782029941802e-17
1.677782029941802e-17
9.124994695825573e-18
1.4740781652268942e-17
3.316001254083225e-18
3.316001254083225e-18
3.2209338590415435e-17
3.179947757308049e-17
4.6932085079350255e-17
4.6932085079350255e-17
2.254078194970012e-18
8.861976596608265e-19
2.426642189663857e-18
9.833994530536214e-19
3.10406256130239e-17
2.821617548371583e-17
1.8937857266730604e-17
1.4855437256867967e-17
1.6126121851686396e-18
2.2351285720748136e-17
5.646509890802845e-18
8.599412430706245e-18
2.644064631822392e-18
2.644064631822392e-18
2.644064631822392e-18
1.3968155850584992e-17
9.331584016080155e-18
2.0858644693394734e-17
1.588020007726116e-17
5.440397367203473e-18
1.4989226680577432e-17
1.166148938756645e-17
3.947688989371206e-18
2.942526707466359e-18
2.795674167940986e-19
2.0745672520823692e-17
5.8158773030241716e-18
5.787390826136974e-18
2.2807601089095855e-17
2.13413122432381e-17
4.181708823719411e-18
2.424649351088272e-17
2.969505216783288e-17
8.599566027981428e-18
8.116295771201106e-18
1.427545878643582e-17
5.586838247763708e-18
5.4061754913308056e-18
6.937075557824431e-18
2.772723945992353e-18
2.8654805449684075e-18
2.336252289058281e-17
2.3605474190555974e-17
2.7346304363657496e-17
2.5836031139703734e-17
9.835943417163155e-18
1.6742178491839027e-17
1.252659320615133e-17
2.4256520039377505e-17
1.2059017529406793e-17
1.5411190577176477e-18
1.3619392661626092e-17
1.6489901777709532e-17
4.874375185380296e-18
2.1160844310877392e-19
2.1160844310877392e-19
2.5113664862238548e-17
1.2671604557877245e-17
1.5208449778211187e-17
5.416024453865819e-18
1.7108175461007213e-18
2.7548079167447753e-17
1.394097099592282e-17
1.394097099592282e-17
1.1147966297460976e-17
8.249367880460288e-18
7.26774244198798e-18
7.26774244198798e-18
4.734337065976818e-18
1.8607965607982337e-17
2.458909748328046e-17
2.458909748328046e-17
5.969549675554453e-18
6.48570843322143e-18
6.022510849698158e-18
1.7902136478223037e-18
1.4693354106509016e-19
1.4693354106509016e-19
2.0677561591791782e-17
6.274674437285171e-20
4.3611980782771644e-18
2.7223553331772535e-17
6.790350948153043e-18
8.806158261259228e-18
2.0742569395968294e-17
3.253569679833387e-18
5.286605582891475e-18
1.4221256912724587e-17
1.7096392935480502e-17
2.7679628085620237e-18
1.2783287590819112e-18
4.650074676490565e-18
4.826062663120714e-18
4.366592820622567e-18
2.697177902774642e-17
1.0520678411368734e-17
1.0520678411368734e-17
2.7621321946631163e-17
1.139852932482012e-17
1.2945701380574222e-17
2.6139644221659594e-17
1.5515865558591014e-17
1.6418780672008025e-17
1.6418780672008025e-17
4.303720979060157e-18
1.876275155740221e-17
3.0163686550466458e-18
3.0163686550466458e-18
1.3720286228194247e-18
8.98195468440911e-18
2.279311185047112e-17
4.513602676319894e-17
9.380136066326039e-18
1.0992510218405539e-18
8.228940571795871e-18
4.705689896531657e-18
3.0492401771683537e-17
2.6358219885670073e-17
9.858437769791235e-18
7.937872228015036e-19
3.2539481788931875e-17
1.5403323871760376e-17
3.55872192921842e-17
3.1135967903578143e-17
5.54933830970564e-18
2.004007827874419e-17
4.10220898853402e-17
1.8362582160511994e-17
5.90152748172676e-18
1.3854495311510663e-17
1.6701059534236337e-17
3.0354295935384837e-19
1.1870587743445268e-17
1.6989636614098348e-17
4.930768811077864e-18
0.23675548134244215
0.2361013654174588
0.23683061699620392
0.2359471887082313
3.3990859910096614e-18
3.349432453853984e-17
3.349432453853984e-17
1.4566588806680312e-17
1.5161109749221645e-17
7.929148558796802e-18
1.479045569454513e-17
6.240863977544122e-18
1.8328576576697725e-17
1.3353058119691347e-17
1.673312030041431e-17
1.9283601567868856e-17
1.3620074951012938e-17
9.66265541642196e-18
1.9065296545598486e-18
6.853701257508822e-18
1.268065005555266e-17
1.268065005555266e-17
1.0524078390615901e-17
7.597092604320156e-18
4.2215778985358775e-18
1.683017760494559e-17
6.4585976279316385e-18
6.4585976279316385e-18
6.4585976279316385e-18
6.707708426727096e-18
1.2002835560139961e-17
4.511889086148782e-18
5.1794073683265715e-18
6.7417667666848036e-18
3.0420720915594414e-17
1.420683965525753e-17
1.951144038896534e-17
1.6715250749103797e-18
1.6715250749103797e-18
1.232022379431145e-17
4.657055722882283e-18
1.6436792701249914e-17
3.1229562004198255e-17
3.1229562004198255e-17
1.0173263917371643e-17
2.362094044175613e-17
1.0299194912137109e-18
1.901757869265619e-17
4.429690553621223e-17
1.006320830834232e-17
5.293480808124516e-17
1.796482271359667e-17
9.981142529099288e-19
9.981142529099288e-19
9.981142529099288e-19
2.956552288426332e-17
4.248475224695833e-18
6.697765991315148e-18
1.2982757592279174e-17
2.2986487535220882e-17
8.724272480617183e-18
3.251719549209307e-17
2.165447348536269e-17
2.165447348536269e-17
9.26336101926479e-18
4.7189500911747007e-17
3.47314161708472e-18
1.7588781079509e-17
6.379093578951339e-18
3.2251757149008054e-17
2.620438728946964e-17
1.0690587426834963e-17
1.8220961996848438e-17
8.35350983697904e-18
3.588134358076558e-18
7.062311236858748e-18
7.062311236858748e-18
3.0067280025346083e-18
2.5969577622468e-17
2.5969577622468e-17
2.5969577622468e-17
2.5969577622468e-17
2.5969577622468e-17
2.5969577622468e-17
2.5969577622468e-17
2.5969577622468e-17
1.6216825788389444e-17
1.878251769465502e-17
2.5305771853624085e-18
1.9991247018768112e-17
2.5210596089901728e-17
4.3411317485579157e-17
1.728321516739597e-17
1.728321516739597e-17
9.560236246358107e-18
2.4293322073161242e-17
1.952409349878943e-17
1.952409349878943e-17
1.952409349878943e-17
1.389008328102554e-17
1.5979388131414908e-17
2.2700923246907284e-17
1.2738780058413103e-17
2.275144596902612e-17
1.9216427880324304e-19
1.9216427880324304e-19
8.940853051589619e-18
1.2064489443333286e-18
1.0761083686606838e-17
1.102169633028572e-17
4.072419342660549e-18
9.547081325811549e-18
2.50345109900351e-18
1.669087903937879e-17
2.079631470493651e-17
1.0836351322959636e-18
6.180811768953611e-18
2.1289234553956724e-18
1.2309171566043318e-17
1.563409075384404e-17
2.0674976676733003e-18
1.3127514652730591e-17
2.7170968240617057e-17
1.383619963294124e-17
1.0340113001730706e-17
1.0340113001730706e-17
7.381115106615693e-18
8.366296871707922e-18
2.1199208001460955e-18
2.868464738399982e-17
6.733462131787323e-19
1.153521965557262e-17
1.153521965557262e-17
4.148734091373339e-18
2.595148710537052e-17
2.1829448601482512e-17
6.662155444471245e-18
1.4687894683321402e-17
1.4687894683321402e-17
7.919974533975312e-18
2.047580209028815e-17
7.462041923530614e-18
5.359057335270296e-18
1.0264659954129119e-17
1.1136189194964751e-18
2.218270635019798e-17
3.035761840494789e-17
3.035761840494789e-17
3.035761840494789e-17
1.678106533815963e-17
3.3670302450941712e-18
3.2134228187839785e-17
1.2289850400186228e-17
1.1823392097850309e-17
3.794756357776324e-17
3.794756357776324e-17
6.716465270421112e-18
2.956300215461887e-18
2.287902971288554e-17
1.9092546846494215e-17
2.0048078203283602e-17
4.288803474126505e-17
6.3456084423371306e-18
2.42932525183621e-17
2.5265775934321517e-17
6.401064126762655e-18
3.832800572463191e-17
2.65057994604365e-17
1.0810384005132926e-17
2.5154031619833428e-17
1.8066072525826876e-17
1.8066072525826876e-17
2.1893229176563763e-18
2.1893229176563763e-18
2.1893229176563763e-18
4.640908363690847e-18
4.640908363690847e-18
2.121439997942084e-18
3.944978681000328e-18
6.3913786889138345e-18
1.132965158003903e-17
3.1494972117145495e-17
3.1494972117145495e-17
7.469025853984025e-20
1.0630020713841869e-17
3.7696896238205364e-17
3.3281751991861904e-17
9.44656856372237e-18
1.0660286009566479e-18
2.2589279970871066e-17
5.241526166117601e-17
5.253207405681476e-17
9.202485142143698e-18
5.5994078643947245e-18
6.093067978478252e-18
6.494233452958546e-18
3.4141841955153366e-18
2.3606657179018945e-17
2.3606657179018945e-17
1.469861036643503e-17
7.747020862999399e-19
1.552070619116939e-17
1.0225639253033353e-18
1.8530632899186476e-17
8.690921228660878e-18
8.690921228660878e-18
1.7730355012802557e-17
9.494083086565202e-18
9.494083086565202e-18
1.80712722971462e-17
1.9379409635994344e-18
1.8273149324260262e-17
1.8273149324260262e-17
1.8273149324260262e-17
1.8273149324260262e-17
1.8273149324260262e-17
2.2145011291325417e-17
2.2145011291325417e-17
2.2145011291325417e-17
1.8733841170839377e-17
6.215396591609997e-18
3.190508761070688e-18
1.2942271387834497e-17
2.6431855549114933e-18
3.5405538630194654e-17
1.5910064094768562e-17
2.252928775377331e-17
6.589824857213431e-18
7.61692291227851e-18
1.4642573161906936e-18
2.256927253924817e-17
1.2244527080328491e-18
1.1574497353351448e-17
2.0438981082573443e-18
1.3997712742238518e-17
7.742606775230485e-18
7.742606775230485e-18
5.367737541393354e-18
2.065581201709364e-17
5.846333624162082e-19
5.846333624162082e-19
5.846333624162082e-19
1.483629994494831e-17
1.4986879327213055e-17
1.7938271206167476e-18
2.844088907956733e-17
2.844088907956733e-17
4.1576013470880876e-17
1.6102420961960876e-17
3.263646275278083e-18
1.203985655000629e-19
7.190045215740028e-18
1.8773553487536094e-17
1.1306426439674302e-17
1.1306426439674302e-17
1.1306426439674302e-17
1.1306426439674302e-17
1.1306426439674302e-17
9.256550086435929e-18
2.1328386533323626e-17
1.1701903385111871e-17
2.832082886405387e-17
1.0078804842619374e-17
1.0078804842619374e-17
6.094288175238776e-18
3.50631646655236e-18
4.097968000974224e-17
2.3632152649676523e-17
2.3632152649676523e-17
2.8957784612119427e-17
4.630123241566455e-17
2.938520417455853e-17
3.852260649295116e-18
3.852260649295116e-18
3.2735594069809124e-17
1.5199656769392854e-17
1.5360046226024295e-17
5.605096870641509e-19
1.633371611069128e-17
1.52925727594371e-17
1.52925727594371e-17
6.423967723515347e-18
8.554711485848946e-18
1.397908840448531e-17
1.3361246206429533e-17
3.1728460795208e-17
1.748275514270722e-17
3.808561715056613e-17
5.137737797820744e-18
2.065365360911632e-18
3.442833489021893e-18
2.249268773514606e-18
2.249268773514606e-18
2.5471175715146524e-17
9.378909983196013e-18
1.0492293275997578e-17
1.1300232374109557e-17
5.072285965408263e-18
5.072285965408263e-18
5.072285965408263e-18
1.7706122256676782e-17
2.541219932042695e-18
1.5318140444189673e-17
2.2202707309023805e-17
1.5102693447352938e-17
6.502215976522286e-18
4.036301230486741e-18
3.1203287699352386e-19
7.643668340721749e-19
2.6728001615486232e-18
6.3844726726769326e-18
1.543845074213477e-17
4.218081133068255e-18
2.3827088893742605e-17
2.3827088893742605e-17
4.1448111158428054e-18
2.5644475089051334e-17
6.16039037693015e-19
5.3104761341312505e-18
1.9140139363987142e-17
1.174140426305869e-17
1.6076739577954977e-18
2.0808066316577838e-17
1.812409042432753e-17
1.1298206879608388e-18
5.518651409666974e-18
5.003042027472482e-18
1.3178740363478359e-17
1.3121835661008238e-18
3.814942382094318e-18
3.474381916153202e-18
3.474381916153202e-18
3.474381916153202e-18
1.6742388047269092e-17
5.43975727661379e-18
1.5548031416794335e-17
1.3099736552241848e-17
3.515548172668279e-18
5.123592165928162e-18
1.3537219894943146e-17
2.004197012310391e-18
4.5023484060545114e-18
3.4152135688912643e-17
1.2144444259246015e-17
7.79677344450466e-18
4.82722196927028e-18
4.82722196927028e-18
8.883196107739094e-18
2.704770954946175e-18
1.3121562592348165e-17
3.0077034540333848e-18
1.074940749301971e-17
8.625962517187759e-18
5.331275488405053e-18
6.013180208258413e-18
9.811146067556785e-19
6.877281757797192e-18
1.0642811425060577e-17
1.0642811425060577e-17
6.726382983916278e-18
5.880883242911755e-18
1.2436114327440163e-18
9.612591448754002e-18
1.19338685833832e-17
8.269086673146297e-18
9.063953609284044e-18
3.248690118067538e-17
1.0568635877824078e-17
1.0568635877824078e-17
1.0568635877824078e-17
5.560825855702227e-18
1.4047496500630048e-18
1.564396426682068e-17
4.905324861059963e-18
1.59922944115415e-17
3.5562559303280193e-17
1.704240725659771e-17
3.023870145902831e-18
3.023870145902831e-18
7.377124509153287e-18
7.377124509153287e-18
7.377124509153287e-18
4.95206884391357e-18
4.95206884391357e-18
6.3577730442913816e-18
1.309177778462546e-18
1.8711562014668962e-17
3.368365295947763e-17
5.5270680533784826e-18
2.059510217264052e-17
1.929021305791261e-17
1.2704452082198592e-17
1.0437266492044913e-17
2.5434682222231166e-17
1.4413407804700914e-17
1.4413407804700914e-17
1.5511674502429958e-17
6.226264046198533e-19
6.928506569138098e-18
5.670693811590717e-18
2.0411961436903116e-17
3.2506351701763067e-18
1.1898340239376455e-17
1.1898340239376455e-17
1.2837957355359576e-17
5.170664751737911e-18
1.523793851504743e-17
2.5397521869611516e-17
5.619290388191843e-19
3.4725402138655096e-18
1.751269484079717e-17
1.6607405754686632e-18
1.6607405754686632e-18
4.1222362482708595e-17
3.975480024136522e-18
2.2139118711468304e-17
1.2458705650709823e-17
1.3218928912871366e-17
4.116174123358115e-17
6.405503435673038e-18
6.405503435673038e-18
4.1625771278992005e-18
3.801097383400497e-18
3.801097383400497e-18
1.4995103907875867e-18
7.616704657809261e-18
1.0572218485119121e-17
2.571162073816124e-18
1.6286178640996115e-17
1.809052631061369e-17
1.809052631061369e-17
3.513478478778621e-17
1.8818987745452037e-17
1.203127697953132e-17
2.3169040727193518e-18
2.270151534745937e-17
2.274533997434333e-17
3.594927222207586e-18
7.513364443779644e-18
5.393157360154886e-18
8.772688567927748e-18
3.166805435562738e-17
1.9614067381024816e-17
1.9614067381024816e-17
3.188493748148509e-17
2.5431460704468997e-17
5.457429468089326e-17
2.3658594637589688e-17
1.3940275586228804e-18
1.3940275586228804e-18
2.1859818919276473e-18
1.2047982024042187e-17
4.504525299834137e-18
4.504525299834137e-18
1.9013745545864867e-17
1.558819114126022e-17
2.149162248604281e-17
2.64522624649311e-17
1.3709572501225972e-17
2.3929642382531605e-17
1.4559159420324216e-17
3.7638088475869614e-17
8.475324018292686e-18
6.773697214521392e-19
2.81174182191236e-17
2.6429017551245833e-18
4.0270952457649836e-18
3.615678801144488e-17
1.4266120021313682e-17
1.4266120021313682e-17
1.4062456831643443e-17
2.6949083390457843e-17
6.247288122876946e-18
1.4258525784169106e-17
7.444169465269417e-18
6.034448507984994e-18
1.972528321528735e-17
2.824810510055358e-17
1.6780123930028167e-17
1.2468997896629571e-17
1.0180250944951975e-17
3.1080693266918563e-17
7.81381866495393e-18
1.4432674121345566e-17
1.4432674121345566e-17
1.4432674121345566e-17
1.1498852925410685e-17
2.2899382783846816e-17
9.467213319848908e-18
5.067128414295609e-18
1.1853678576120567e-17
4.4393210396172384e-18
1.0791491124039008e-17
3.539065284700751e-17
6.813171991640406e-18
3.17120870991535e-18
2.522290952812536e-17
3.364335361476006e-17
3.568717993846236e-17
1.7148654854101896e-17
0.23726944453747117
3.869551252908544e-18
4.148079994877276e-18
2.20965641883251e-17
2.2656104690241732e-17
8.136933089022762e-18
4.560997533565497e-19
2.084278491685828e-18
9.892176162030848e-18
7.064582076041563e-19
1.960090993069943e-17
1.0677988375128617e-17
1.0677988375128617e-17
4.218747912149851e-18
9.647975436161185e-18
1.3769356351646877e-17
2.4356802702949588e-17
2.851445902623577e-17
2.606285574005182e-17
3.458631081753123e-18
3.8728827272684075e-18
5.701284446958373e-19
1.5528658946309803e-17
2.112959394112e-17
1.0934135456925298e-17
2.4918411216407942e-17
3.786088252957755e-18
9.37545357789706e-19
9.37545357789706e-19
4.7512656214345085e-18
1.5153937050681296e-17
2.4748915560827983e-19
1.0073043230369068e-17
1.7145030531470744e-17
1.7145030531470744e-17
1.3175393527077513e-17
1.067188153189538e-17
7.980337032893453e-18
7.980337032893453e-18
1.734383563383375e-17
3.71565412683819e-18
2.0120610948111756e-17
9.038388591105512e-18
1.9173316025964486e-17
3.256654075370414e-18
6.665880121831434e-18
4.9036270942692285e-18
6.987492313765802e-19
1.4357177046445902e-17
4.0988168028852115e-17
1.1677240614036242e-17
1.8835390136050563e-17
2.7123476347387893e-17
4.089286438681134e-18
1.3261337445703653e-17
4.006877950978057e-18
1.574026110930023e-17
2.4272980336720172e-17
1.3886771283274638e-17
1.2999741253684027e-17
1.1188942835072328e-17
1.0331838029723434e-18
1.0331838029723434e-18
1.7069090012551538e-17
3.488170188376429e-18
3.966015108831615e-18
1.0849647963804802e-17
1.2421146913738996e-17
7.443415862458212e-18
1.0694756604536032e-17
3.3817663328081354e-18
3.081161017607379e-17
3.081161017607379e-17
1.8283649668737813e-17
7.370605456656492e-19
4.194232240393892e-18
1.622537364750301e-17
2.0376113155986593e-17
1.2362375024858968e-17
1.3975447775375966e-17
6.445555793104061e-18
9.131711766792344e-18
4.1024178552978455e-18
6.247434254926992e-18
0.22528090607285117
0.22528090607285117
0.2260335214821126
0.22557165066044377
0.2253477637789373
0.2217152791077418
0.2217152791077418
0.22097045703960697
0.22097045703960697
0.22204448995275322
0.22132526457107074
0.221756333530351
0.22149298004809864
0.22149298004809864
0.21736417173004868
0.21837331254612788
0.21741423405753363
0.21641163018131526
0.22022391784246406
0.220469490633171
0.21949694669721231
0.22023941406832642
0.2198022692273714
1.323109444637807e-17
1.647379453953518e-19
1.4183058458061383e-17
1.443079378434788e-17
3.4642262687014355e-17
3.081218877238179e-18
3.081218877238179e-18
1.4519163733642983e-18
4.589385060954019e-18
9.29046876391395e-19
1.4371391679338865e-17
2.4749786068819672e-17
1.3107802760037309e-18
1.0441348370296664e-18
1.5532094176066325e-17
1.875941507678462e-17
1.6002081059410932e-18
5.397564265018048e-18
2.0431032162283308e-17
1.2069472754217784e-17
2.6313979089168593e-17
3.1948039615830102e-18
2.3770292875929713e-18
2.2919416844492088e-17
1.9458366612636444e-17
1.0924209386925214e-17
1.0534080646874596e-17
1.826055092211078e-18
8.85360803732994e-18
8.85360803732994e-18
2.828696421984163e-18
1.7715020635571076e-17
2.509944074761301e-18
1.1774091784944329e-17
1.8973639372953175e-17
1.8973639372953175e-17
2.9060838154371655e-18
1.0687498685344662e-18
1.0687498685344662e-18
1.0687498685344662e-18
1.0759972170933869e-17
1.5188424890323032e-17
3.791737014358514e-18
3.118685999093245e-19
3.205249876482659e-17
2.6095893338492747e-17
1.1515911613578953e-17
1.2459884821779902e-17
6.852321020189419e-18
1.479720835607828e-17
8.057205033574575e-18
5.199512751788084e-18
5.199512751788084e-18
9.933917454074235e-18
2.2078683089900318e-18
6.411845719357824e-18
4.930092059122198e-18
3.0825141985507363e-19
1.738980194978827e-17
1.3601560034558655e-17
5.981228625644957e-18
1.1906542901476813e-17
8.349067077801794e-18
5.8394609401271525e-19
4.594954206222303e-19
1.1832199493327427e-17
5.315516390281791e-18
5.691519776047756e-18
1.2432398793014543e-17
1.2432398793014543e-17
1.2432398793014543e-17
1.8881205297598693e-19
1.815162721243573e-17
1.815162721243573e-17
1.3817258109734896e-18
1.546087148783541e-17
2.486146437446721e-18
1.9902999046076097e-17
8.68474234268459e-18
8.606876990697224e-18
8.606876990697224e-18
8.606876990697224e-18
5.2550062880656616e-18
1.311847819694841e-17
1.4849338435556522e-18
2.6421187158055577e-17
6.453471536252552e-18
2.042283202604412e-17
5.364291939036515e-18
4.259343227303156e-17
4.259343227303156e-17
2.023059762594393e-17
1.1501795355825069e-17
1.2502227284152391e-17
1.5132407533976976e-17
2.2437800751387328e-17
2.0522307780113222e-17
2.5632112872563196e-17
2.4202463710692242e-17
1.619715552017807e-17
1.619715552017807e-17
2.7486336332014606e-17
4.6260839258392986e-17
2.7307514313118273e-17
2.6836017810190795e-19
1.2399934678764664e-17
1.5670635314175208e-17
7.207104424612359e-18
1.9488555332639473e-17
1.138458001694939e-17
1.2445860950129337e-17
5.302676619624402e-18
5.534037315928482e-18
1.696412859338378e-17
1.4745834608708444e-17
4.553709972605723e-18
3.8503542692732413e-17
2.1162381040264372e-17
3.057952951587567e-17
1.7569057623872925e-17
3.750830638966794e-18
9.11739121134806e-18
3.7554371409789345e-18
3.7554371409789345e-18
1.7808818525359247e-18
2.1507574759660305e-17
2.5467260150535924e-17
1.461211389638458e-17
2.892419198836035e-17
3.239732501935225e-18
4.683022546650473e-18
1.9564971602871053e-17
5.275469992045974e-19
1.3807623390713428e-17
2.4222702820772015e-18
1.1829606248292394e-17
1.1829606248292394e-17
6.889480804314402e-18
7.785592533012847e-19
1.0846930305041666e-17
1.0846930305041666e-17
1.9436647664023316e-17
2.621409765659479e-18
2.621409765659479e-18
2.621409765659479e-18
1.874532640995647e-17
3.624207975006864e-18
1.810948298124631e-17
1.411199135602784e-18
1.5287070828327128e-17
2.6575249850357854e-17
2.0317303880043478e-17
8.94275509944652e-18
8.94275509944652e-18
5.6436519784988116e-18
2.243920012429541e-17
1.9729611193904053e-17
1.1100614169362713e-17
2.3888740134762945e-17
9.491123463940229e-18
5.82858707015556e-18
5.82858707015556e-18
2.050905472598938e-19
3.6882555983053374e-17
2.2227745342200516e-17
2.1663795400425787e-17
4.661265505778217e-18
1.4784027508455352e-17
1.448475452151621e-17
2.8221585795930847e-17
2.617774748529873e-17
3.0456395624682836e-17
2.789816309905733e-18
6.355609470472679e-18
9.729901790837286e-18
2.7188168988356175e-17
2.6007196023088033e-17
2.568924726041404e-17
8.897936747939832e-18
9.167687806328237e-19
4.778809270421905e-18
1.6217738473511197e-17
3.416113695309139e-18
4.543563071660946e-19
3.2127722921826496e-17
9.643778455726494e-18
9.643778455726494e-18
2.443158004561882e-17
2.3793807254641274e-18
4.421299900858011e-19
9.199660498311703e-18
9.199660498311703e-18
9.199660498311703e-18
2.6465625179927937e-18
8.367883821434763e-18
1.3125320408381314e-17
7.194025782513375e-19
7.194025782513375e-19
7.194025782513375e-19
7.194025782513375e-19
5.547801600999095e-18
3.8584926063330864e-18
3.999971015933435e-18
1.9658233343346822e-17
1.63518323253521e-17
2.963758468609088e-17
6.413678864101692e-18
1.2727598998238906e-18
9.143058255943244e-18
1.4337268703440558e-17
2.0330249248582224e-17
1.811004959235272e-17
3.103950862056353e-17
2.442619896138859e-17
1.2372205214309648e-17
1.2401861840531665e-17
1.8197119537081968e-17
2.849321755367587e-17
9.677908751217488e-18
6.4302748506621536e-18
3.1604341813434496e-17
2.140919296565626e-17
2.140919296565626e-17
3.166928193619565e-18
2.3503751866813204e-17
1.6990107235753838e-17
1.6990107235753838e-17
1.6990107235753838e-17
1.5051812466261255e-18
2.8701692872784066e-17
1.391209206899468e-19
3.020001950750037e-17
1.647660408067799e-17
9.541919715117713e-18
1.1063143732379682e-18
2.0108135237509288e-17
1.6278452598830255e-17
1.3729965681891545e-18
1.2323749638585565e-17
2.4023353879173006e-17
7.185883709915835e-18
7.185883709915835e-18
1.0437479111384405e-17
1.1171763755284912e-17
7.489426230093107e-18
7.489426230093107e-18
7.489426230093107e-18
8.719576331411851e-18
2.0363993263455327e-17
2.0625178700505247e-17
1.5894285519523864e-17
9.706860163011746e-18
3.131704650277987e-17
1.9506114506163683e-17
1.912449875180373e-17
3.025552083333616e-17
8.268438802876187e-18
8.762447343475703e-18
1.9136160021681814e-17
1.6804358978965175e-17
3.7258771140511824e-18
3.373596338000602e-17
1.6115976723378836e-17
1.6115976723378836e-17
2.577966013538889e-17
1.37440263516498e-17
2.645443911813327e-17
1.2376613183792357e-17
1.077867264769687e-18
1.077867264769687e-18
3.1480094576506045e-19
7.106969017829348e-18
6.627423088681684e-19
2.6125702859419575e-17
1.202645598292841e-18
2.3178462895709345e-17
1.690058221633701e-17
2.096241940960486e-17
2.096241940960486e-17
7.35905807170268e-18
2.0797557355678436e-17
2.204392804062231e-17
2.2985636542857966e-17
2.4518174856044913e-17
2.441208497625985e-18
2.441208497625985e-18
2.441208497625985e-18
3.3875656884614178e-18
7.109069095540043e-18
7.109069095540043e-18
1.4660846925578242e-18
5.0833417749920485e-18
1.0110217980621694e-17
1.6797635137551748e-17
2.3909800684658717e-17
1.820728651345465e-17
5.079314545832987e-18
1.0069552084334914e-17
8.015814518101874e-18
2.3396206559151098e-17
1.4409764101798153e-17
4.382867842201031e-18
3.7867336303012655e-18
8.21317990559764e-18
7.88398792892535e-18
3.025125419058653e-17
3.025125419058653e-17
1.1453830639067162e-17
2.654347297858934e-17
1.4367645619704597e-17
4.827196145788649e-18
1.960713858045929e-18
9.41760659887301e-18
9.289218331325534e-18
1.4246749378678785e-17
1.0628629581938675e-17
2.08513469588236e-17
1.0699093914788709e-17
2.3521216204221543e-17
3.031171553353476e-18
1.723364732429004e-17
1.6140504869665385e-17
2.6298486998624053e-18
2.6298486998624053e-18
2.6298486998624053e-18
2.6298486998624053e-18
7.169687309285572e-18
8.194659328309079e-18
5.0246738783231214e-18
2.488676054410184e-17
1.4669965313705983e-17
1.4669965313705983e-17
7.698326315363129e-18
1.3126971181834876e-17
1.3126971181834876e-17
1.9235695669488046e-17
1.9235695669488046e-17
1.9235695669488046e-17
6.613595510497797e-18
1.0454393669960297e-18
7.401498016048431e-19
4.660356259984746e-18
1.3713855400475932e-17
5.582908540666748e-18
6.190191422821639e-18
1.082800907233726e-17
6.706062135245044e-18
7.321552363049067e-18
6.5607843102425534e-18
1.2899710334075712e-18
1.8538609204346598e-18
3.187867988622365e-17
3.187867988622365e-17
3.187867988622365e-17
3.187867988622365e-17
5.48551343864121e-18
2.269993629990705e-18
7.273355292005722e-18
7.273355292005722e-18
3.677230235364096e-18
2.167120802662399e-17
2.167120802662399e-17
1.922533238885122e-17
1.3678269101001669e-17
4.281564658339279e-18
4.281564658339279e-18
1.93123491018367e-17
6.2415738637877684e-18
4.886793015481826e-18
1.009788982264455e-17
2.4935875669837832e-17
1.4024280481202638e-17
1.1935626224566802e-17
1.8409567664192468e-17
1.2657823581419951e-17
1.2657823581419951e-17
3.2097984290528955e-18
3.2097984290528955e-18
4.5163141010402733e-17
4.284618146476183e-18
6.772759046098067e-19
1.21028397596331e-17
1.7749982886818394e-18
2.1394442980607845e-17
1.4499798987684569e-18
1.4369583362179642e-18
2.727710421675715e-18
1.4369583362179642e-18
1.4369583362179642e-18
9.115208687923445e-18
9.935355185046297e-18
1.5836716447282466e-17
7.286418699481537e-18
7.286418699481537e-18
1.1011164704979756e-17
2.7223637308483446e-19
5.0637282558650124e-17
2.086899412803773e-17
1.1576138675012761e-17
1.1576138675012761e-17
3.6162042935567984e-18
3.6162042935567984e-18
2.921449813806166e-17
1.771923271537093e-18
2.1349115652598496e-17
2.1349115652598496e-17
1.328972358638152e-17
2.2006273746251077e-18
1.5346110367341777e-17
5.2949231602606225e-18
2.2082190961205026e-17
2.202990397178349e-17
1.4160025075453663e-18
1.4160025075453663e-18
1.463391587848319e-17
2.4415290416608212e-17
6.939760760023788e-18
5.136272057993805e-18
8.429803827110388e-18
2.8174692948381805e-17
1.735851471513017e-18
1.1355126416382709e-17
5.755050265354541e-19
2.5233992079329653e-17
3.644574066510191e-17
2.9123005538677916e-17
6.115262142776798e-17
3.392620854700329e-17
1.4819479932188562e-17
3.116346368102206e-18
8.117426270642357e-18
2.635803640371344e-17
3.062224096846578e-17
1.1180926504283746e-17
1.1180926504283746e-17
3.165036203104637e-17
8.563976052674405e-18
8.101177419607677e-18
3.479166168836111e-18
2.091927682745792e-17
6.884430787524979e-18
8.624442915142048e-18
1.87975017345481e-17
3.57202981982008e-18
1.806975639307255e-17
1.806975639307255e-17
1.806975639307255e-17
2.6909556028572015e-17
1.8049587406620426e-17
4.600309974965155e-18
3.774228686984634e-19
1.2905474208382127e-18
8.017218414311265e-18
3.278339995358284e-17
1.843615183859066e-17
6.868861226631633e-18
4.353462666745788e-17
4.353462666745788e-17
7.440446348559075e-18
8.510301711328703e-18
8.510301711328703e-18
3.480700405423723e-17
1.0930913246951377e-17
1.0930913246951377e-17
1.0930913246951377e-17
1.0930913246951377e-17
1.0930913246951377e-17
1.484763807943718e-17
2.9352689049322363e-17
3.422689040334805e-17
4.573923376914259e-17
5.612449034431476e-18
2.426244155738367e-18
2.426244155738367e-18
1.5422307974062282e-17
4.472171455374869e-17
1.6123280875769537e-17
4.758811142609758e-18
4.680878086748853e-17
1.581988483889634e-17
3.712910705617347e-17
1.7011751911139133e-17
1.7011751911139133e-17
1.1543620482251655e-17
2.3034025992101828e-17
1.3380391639395967e-17
2.344875167425193e-17
3.1645057858420854e-18
2.602975722529374e-19
8.875811470415556e-18
2.45522868578911e-17
2.235901157048271e-17
2.235901157048271e-17
2.2763513405846474e-17
8.317142412203097e-18
1.449955987279654e-17
5.42711383099179e-18
2.0263126991031864e-17
1.4860558816601055e-17
3.355817879927338e-18
2.2075690672232106e-17
1.3836855289148806e-17
1.2635789276371449e-17
1.1440756061659518e-17
8.102892134595939e-18
2.2093973068330406e-17
2.2093973068330406e-17
4.835538494577159e-18
1.771710068854259e-17
1.401573534341985e-17
2.0298527287341957e-18
3.22947161939935e-17
2.2205511092559463e-17
5.2299138581926206e-18
1.2803866595756672e-17
2.2127073711442973e-17
1.7592336128857903e-18
1.932220395510348e-17
1.9880553888516454e-17
1.9880553888516454e-17
1.1193009581401362e-17
1.2519286257979157e-17
3.1727846587982696e-17
7.403975219591902e-18
2.525209703756856e-19
8.10433189861897e-18
5.2148952708980335e-18
8.147880729308472e-18
4.3748735977277116e-18
3.211849580439299e-17
5.463752587046242e-19
2.1439967646864607e-17
3.2288953444067397e-17
3.2288953444067397e-17
2.6521786213625765e-17
2.0805653514855838e-17
3.15496263532865e-17
1.9086527835703128e-17
1.1197127522511078e-17
2.1427681563115267e-17
2.141847488391876e-17
6.718248255717774e-18
6.718248255717774e-18
1.3236888542381151e-17
2.1127451627082215e-17
9.161317946328122e-18
2.508748181089531e-17
2.508748181089531e-17
5.101622032946928e-18
1.1313084961109658e-17
1.5312709009791157e-17
2.5332732981866724e-17
1.3208291538293795e-17
1.378949356644189e-17
5.588495876896649e-18
2.8532347351541346e-17
6.972562354245283e-18
1.8640265619576816e-17
1.42304526631868e-17
1.170416932347605e-17
2.2498853805682072e-17
1.1361610466724084e-17
9.70394208859786e-18
1.3052203942910184e-19
1.5448348121604677e-17
1.0290793150833784e-17
2.401341336177223e-18
3.325172844155223e-17
1.9220822522708595e-17
1.3254676915506563e-17
3.736480875411068e-18
2.6434534263409954e-17
4.503316530870397e-17
7.561165555023232e-18
2.1063099757784364e-17
3.2755061378249635e-18
2.1253351417409384e-17
1.9999304884687657e-17
1.5399725044112163e-17
1.5399725044112163e-17
2.850224052535604e-18
1.0345826090710535e-17
1.863143524204041e-18
1.863143524204041e-18
1.863143524204041e-18
2.819045466540203e-17
3.346691161549979e-17
2.3589787276278455e-17
2.3589787276278455e-17
8.546665479837276e-18
1.2400517411399269e-17
4.014444146388159e-17
2.5956809420498513e-17
3.032471056882321e-17
3.135493149183044e-17
3.135493149183044e-17
3.578913509469184e-18
9.976388931707048e-18
1.228093190113427e-17
1.228093190113427e-17
9.834254333448289e-18
5.957706409212045e-18
2.29288551175713e-17
1.1276634260005167e-17
2.9540418889412886e-17
1.0304379823893852e-18
1.74456109945959e-17
1.74456109945959e-17
1.2572700897226756e-17
2.3434022100508274e-17
1.6120573149920158e-17
2.0551536737851617e-17
9.417971392138723e-18
4.425857874726035e-18
4.425857874726035e-18
2.408421753773411e-17
2.408421753773411e-17
8.861794444188276e-18
6.540676650817578e-18
1.2685177672178328e-17
1.5651505666321128e-17
2.966711492813929e-17
3.495769677701803e-17
8.478340334754632e-18
1.5768220190065156e-17
9.801854440133887e-18
1.9237598821652943e-18
1.3644088319941936e-17
1.3644088319941936e-17
3.916659927181671e-18
8.211948925592728e-18
7.511905076191503e-18
3.626278114049452e-18
4.06551517377457e-17
6.248999730326577e-18
1.2814901177109688e-17
1.8655484853346974e-17
1.8655484853346974e-17
4.32858796433895e-17
2.527408843881222e-17
7.142099879151188e-19
1.7465451143496607e-17
3.2114473216466926e-17
1.3020306702881983e-17
1.6478858476436603e-17
6.045755813940959e-18
6.045755813940959e-18
6.045755813940959e-18
1.3225420500927033e-18
7.878120482640223e-18
2.0402985595576374e-17
1.5123901836945356e-18
2.5192344103101133e-19
6.8823730686322775e-18
1.4555670874742623e-17
4.451797731236552e-19
5.6269622715500395e-18
2.2094855853022562e-17
2.347308125590025e-17
3.829787053692389e-18
1.5692697722534485e-17
2.046262873805971e-17
1.5891971944168665e-17
1.564756934207516e-17
1.9504980883391774e-17
2.892134981527549e-17
3.454354660501821e-17
2.1171478831655925e-17
7.289632316550132e-18
6.907224102794611e-19
1.4857567186211935e-17
1.882764123114732e-18
8.25492872583387e-18
2.4714761326081143e-17
1.1539522109955982e-17
9.01750157847937e-18
2.5505132808762326e-17
2.5505132808762326e-17
2.830950826120542e-17
8.857632025139337e-18
2.1975890127732492e-17
3.376477931643132e-17
1.2944909824224849e-17
4.190624809827508e-18
1.34042725001691e-17
9.717606034064211e-18
1.4447525014549262e-17
1.4447525014549262e-17
1.436063334702585e-17
2.0222396898745156e-17
1.5614287134674883e-17
1.3528929597500591e-17
6.536128773896588e-18
3.144891562499357e-17
5.7017222479171266e-18
2.239961983058299e-17
2.205383720786779e-17
1.0591893256486759e-17
2.7205072034974872e-18
2.796825830554005e-17
2.796825830554005e-17
2.796825830554005e-17
7.875252208213698e-18
2.070478570072605e-17
2.070478570072605e-17
2.6084721100561503e-17
1.7845232900515974e-17
1.7845232900515974e-17
2.324293830581423e-17
2.324293830581423e-17
6.6982012759270554e-18
2.9529520683063246e-17
4.19034312014935e-19
8.393821169903885e-18
2.2905148564841934e-17
2.2905148564841934e-17
2.1166480799208384e-18
4.354421982113075e-18
1.3017113796788298e-18
2.5038760758259278e-17
2.5038760758259278e-17
2.5038760758259278e-17
2.5038760758259278e-17
9.618454186760024e-18
9.618454186760024e-18
3.1036937782685955e-17
2.1498752029745754e-17
6.807676723930528e-18
1.6552984074332973e-17
3.670079676453284e-17
2.213722214104633e-17
2.80058219490096e-17
7.354042634361958e-18
2.2448624093628724e-17
3.925418500279293e-18
2.3330435341385877e-17
1.3144857813719693e-17
3.827878910092293e-18
1.4237159072944273e-17
3.2905425081252843e-18
3.2905425081252843e-18
2.0965675103394644e-17
1.0987650960142103e-17
5.787055227956964e-18
6.185361785291197e-18
1.1649881134431317e-18
2.1146528923414546e-17
1.5957574375724033e-17
2.24481071351414e-18
1.500117920061933e-18
4.9947495638088515e-18
3.0362998314095575e-18
3.0362998314095575e-18
3.0362998314095575e-18
2.4455671187048953e-17
3.6824502120439956e-18
3.163711466921208e-18
1.2886837084638426e-17
1.2528964413407211e-17
2.3186829719277947e-17
1.5906038552108474e-17
1.5906038552108474e-17
9.846117943561368e-18
9.846117943561368e-18
1.1032176575122385e-17
