
2021-07-23 12:37:34.841037
0.0
1.0
0.0
1.0
0.0
0.0
0.0
0.0
0.0
1.0
1.0
0.0
1.0
0.0
1.0
0.0
0.0
0.0
1.0
0.0
0.0
0.0
1.0
1.0
0.0
0.0
1.0
0.0
0.0
0.0
0.0
1.0
1.0
0.0
0.0
0.0
1.0
0.0
1.0
1.0
0.5
0.0
0.0
0.0
1.0
0.0
1.0
0.0
0.0
0.0
1.0
0.0
0.0
0.0
1.0
0.5
0.0
0.0
0.5
1.0
1.0
0.0
0.5
0.0
0.5
0.0
0.0
0.0
0.0
0.0
1.0
1.0
0.5
1.0
1.0
0.0
0.0
0.0
0.0
0.0
0.0
0.0
0.0
1.0
1.0
0.0
0.5
1.0
0.0
0.5
0.0
0.0
1.0
1.0
0.0
1.0
1.0
0.0
1.0
1.0
0.0
0.0
0.0
1.0
1.0
0.0
0.5
1.0
0.0
0.3333333333333333
1.0
0.0
0.0
0.5
0.5
0.0
0.5
0.0
0.5
0.0
1.0
1.0
0.5
1.0
1.0
0.0
0.0
0.3333333333333333
1.0
0.0
0.0
1.0
1.0
0.5
0.0
1.0
1.0
0.0
0.0
0.5
0.0
0.0
0.0
0.0
0.0
1.0
0.0
1.0
0.0
0.0
0.0
1.0
0.5
0.0
1.0
0.5
0.5
1.0
0.0
0.0
0.0
0.5
0.0
0.0
0.5
0.0
0.0
0.5
0.0
0.5
0.0
0.5
0.0
0.0
0.0
0.5
0.0
1.0
1.0
1.0
0.0
0.0
0.0
0.0
1.0
0.0
0.0
0.0
1.0
1.0
0.0
1.0
0.0
0.0
0.0
0.0
0.3333333333333335
0.0
0.3333333333333334
1.0
0.5
0.0
0.0
0.5
0.5
0.0
0.0
0.0
1.0
0.0
1.0
0.0
0.0
1.0
0.0
0.33333333333333337
1.0
0.3333333333333332
0.5
0.0
1.0
0.5
1.0
0.5
0.33333333333333337
1.0
1.0
0.33333333333333315
0.0
0.0
0.25
0.5
0.0
1.0
0.0
0.0
0.0
0.25
1.0
0.0
0.33333333333333326
0.5
0.5
0.0
1.0
0.0
0.5
1.0
1.0
0.5
0.0
0.0
1.0
0.0
0.0
0.0
0.3333333333333332
0.0
0.0
0.0
0.0
1.0
0.19999999999999996
0.0
0.25
1.0
0.5
0.0
1.0
0.0
0.5
0.5
0.0
0.5
1.0
0.0
0.5
0.0
0.0
0.0
0.0
0.33333333333333337
0.5
0.0
1.0
0.0
0.33333333333333337
0.5
0.0
1.0
1.0
0.5
0.0
1.0
1.0
0.0
0.0
0.5
0.0
0.5
0.0
0.0
0.0
0.5
1.0
0.5
0.5
1.0
0.33333333333333337
1.0
0.25
0.0
0.25
0.5
0.5
0.5
0.33333333333333315
0.5
0.5
1.0
0.33333333333333315
1.0
0.0
0.5
0.5
1.0
0.0
0.0
0.0
0.3333333333333335
0.0
0.5
0.19999999999999998
0.25
0.0
0.0
0.5
0.25
0.0
0.3333333333333332
0.0
0.0
0.0
0.33333333333333337
0.0
0.0
0.33333333333333326
0.0
0.5
0.5
0.0
0.0
0.5
0.33333333333333337
0.5
0.5
0.33333333333333315
0.0
0.0
0.5
0.0
0.0
0.0
0.5
0.0
0.5
0.33333333333333315
0.5
0.0
0.0
0.5
0.0
0.5
0.5
0.0
0.0
0.0
0.0
0.0
0.25
0.0
1.0
0.3333333333333335
0.0
0.33333333333333315
0.0
0.0
0.0
0.3333333333333333
0.5
0.5
0.0
1.0
0.0
0.25
0.0
0.3333333333333334
0.0
0.5
0.5
0.0
0.33333333333333337
0.33333333333333315
0.0
0.0
1.0
0.0
0.0
0.25
0.33333333333333337
1.0
0.0
0.0
1.0
1.0
0.33333333333333326
0.0
0.0
0.0
0.0
0.33333333333333337
1.0
0.0
1.0
0.0
0.25
1.0
0.0
1.0
0.0
0.0
0.0
0.0
0.0
0.0
0.2000000000000001
0.0
0.0
0.0
0.0
0.33333333333333337
0.25
0.0
0.20000000000000007
0.33333333333333337
0.5
0.0
0.0
0.0
0.0
0.5
0.0
0.0
0.0
0.0
0.33333333333333326
0.33333333333333326
0.0
0.33333333333333337
1.0
0.0
0.0
1.0
0.0
0.33333333333333326
0.33333333333333337
0.0
0.0
0.24999999999999997
0.0
0.5
0.0
0.0
0.0
0.33333333333333337
0.0
0.0
0.5
1.0
0.0
0.25
0.5
0.0
0.0
0.5
0.5
0.0
0.2
0.0
0.33333333333333337
0.3333333333333334
0.33333333333333337
0.0
0.0
0.0
0.0
0.0
0.16666666666666669
0.0
0.33333333333333337
0.0
0.20000000000000007
0.33333333333333337
0.0
0.3333333333333333
0.33333333333333337
0.0
0.0
0.3333333333333333
0.0
0.49999999999999994
0.5
0.20000000000000007
0.33333333333333326
0.16666666666666657
0.0
0.0
0.33333333333333337
0.0
0.33333333333333315
0.25
0.0
0.5
0.5
0.3333333333333334
0.0
0.25
0.16666666666666674
0.0
0.25
0.25
1.0
0.5
0.0
0.24999999999999997
0.0
0.5
0.5
0.0
0.0
0.33333333333333337
0.5
0.0
0.0
0.0
0.0
0.33333333333333337
0.14285714285714277
0.0
0.0
0.2
0.0
0.0
1.0
1.0
0.25
0.33333333333333337
0.0
0.5
0.33333333333333337
0.33333333333333326
0.0
0.0
0.0
0.0
0.0
0.2
0.0
0.5
0.0
0.0
0.0
1.0
0.5
0.0
0.0
0.5
0.0
0.0
1.0
0.0
0.0
0.0
0.33333333333333315
0.5
0.25
0.0
0.0
0.5
0.0
0.25
0.2
0.5
0.33333333333333326
0.25
0.33333333333333326
0.0
0.2
0.0
0.0
0.0
0.0
0.0
0.0
0.0
0.0
0.2
0.0
0.0
0.25
0.0
0.19999999999999996
0.0
0.25
0.0
0.0
0.0
0.3333333333333334
0.0
0.0
1.0
0.3333333333333333
0.0
0.33333333333333337
0.14285714285714288
0.0
0.0
0.5
0.5
0.0
0.0
0.0
0.5
0.5
0.0
0.33333333333333326
0.2
1.0
0.49999999999999994
0.5
0.0
0.5
1.0
0.0
0.25
0.5
0.0
0.25
0.0
0.33333333333333337
2.7755575615628914e-17
0.2
0.0
0.0
0.0
0.0
0.0
0.25
0.0
0.0
0.0
0.0
0.0
0.0
0.0
0.0
0.19999999999999996
0.0
0.25
0.3333333333333335
0.19999999999999996
0.25
1.0
0.24999999999999997
0.0
0.33333333333333337
0.25
0.25
0.5
0.0
0.33333333333333326
0.3333333333333333
0.19999999999999996
0.0
0.0
0.33333333333333315
2.0816681711721685e-17
0.0
0.2
0.0
0.14285714285714288
0.33333333333333315
0.0
0.24999999999999997
0.0
0.0
0.5
0.0
0.5
0.5
0.0
0.20000000000000007
0.16666666666666669
0.19999999999999998
0.5
0.25
0.0
1.0
0.33333333333333337
0.0
0.0
0.0
0.0
0.0
0.0
0.0
0.20000000000000007
0.5
0.0
0.33333333333333337
0.0
0.0
0.0
0.20000000000000007
0.0
0.0
0.24999999999999994
0.33333333333333337
0.25
0.0
0.25
0.0
0.0
0.0
0.0
0.0
0.25
0.0
0.0
0.0
0.25
0.0
0.0
1.8041124150158794e-16
0.0
0.0
0.33333333333333337
0.25
0.33333333333333315
0.0
0.0
0.0
0.25
0.0
0.25
0.2
0.0
0.3333333333333333
0.24999999999999997
1.0
1.0
0.0
0.0
0.5
0.0
0.0
0.0
0.33333333333333337
0.25
0.25
0.16666666666666657
0.25
0.0
0.0
0.0
0.20000000000000007
0.33333333333333337
0.25
0.0
0.0
0.19999999999999993
0.5
0.0
0.0
0.0
0.25
0.33333333333333337
0.0
0.33333333333333326
0.0
0.1428571428571429
0.0
0.0
0.16666666666666669
1.0
0.0
0.0
0.0
0.33333333333333326
0.0
0.0
0.20000000000000007
0.25
0.0
0.2000000000000001
0.0
0.2
0.0
0.0
0.19999999999999996
0.0
0.19999999999999998
0.25
0.0
0.33333333333333326
0.0
0.3333333333333333
0.0
0.20000000000000004
0.0
0.0
0.0
0.0
0.5
0.25
0.0
0.0
0.0
0.19999999999999996
0.0
0.20000000000000004
0.3333333333333333
0.33333333333333326
0.33333333333333337
0.5
0.5
0.0
0.0
0.14285714285714282
0.0
0.16666666666666663
0.0
8.326672684688674e-17
0.0
0.2
0.33333333333333326
0.49999999999999994
0.24999999999999997
0.0
0.0
0.16666666666666669
0.0
0.33333333333333337
0.14285714285714288
0.0
0.0
0.0
0.24999999999999997
0.16666666666666669
0.0
0.0
0.0
0.0
0.16666666666666657
0.25
0.0
0.0
0.33333333333333337
0.0
0.16666666666666669
0.0
0.33333333333333337
0.0
0.0
0.12499999999999997
0.33333333333333337
0.3333333333333333
0.0
0.0
1.0
0.2
0.0
0.12500000000000003
0.1111111111111111
0.0
0.0
0.25
0.2
0.0
0.0
0.0
0.0
0.3333333333333333
0.0
0.25
0.0
0.1428571428571429
0.0
0.33333333333333337
0.0
0.0
0.0
0.0
0.0
0.1428571428571428
0.0
0.0
0.0
0.0
0.0
0.33333333333333337
0.0
0.0
0.25
0.16666666666666669
0.0
0.0
0.0
0.2
0.20000000000000007
0.5
0.0
0.0
0.0
0.14285714285714293
0.0
0.5
0.19999999999999996
0.3333333333333334
0.19999999999999998
0.16666666666666666
0.0
0.0
0.0
0.0
0.0
0.19999999999999996
0.0
0.5
0.0
0.1
0.25
0.0
0.0
0.0
0.25
0.20000000000000007
0.3333333333333333
0.14285714285714288
4.163336342344337e-17
0.1666666666666667
0.0
0.25
0.0
0.0
0.25
0.25
0.0
0.25
0.25
0.1428571428571428
0.2
0.25
0.0
0.0
0.0
0.19999999999999996
0.16666666666666663
0.25
1.0
0.5
0.0
0.0
0.0
0.16666666666666666
0.24999999999999997
0.0
0.0
0.0
0.0
0.0
0.16666666666666669
0.0
0.0
0.20000000000000004
0.25
0.16666666666666652
0.125
0.0
0.19999999999999996
0.14285714285714285
0.25
0.0
0.0
0.0
0.16666666666666674
0.0
0.1666666666666667
0.0
0.0
0.0
0.14285714285714285
1.0
0.2
0.24999999999999997
0.33333333333333337
0.5
0.0
0.0
0.0
3.469446951953614e-18
0.1666666666666667
1.0
0.20000000000000007
0.25
0.0
0.0
0.0
0.14285714285714285
0.25
0.0
1.0
0.0
0.08333333333333326
0.14285714285714285
0.20000000000000007
0.33333333333333326
0.16666666666666669
0.2
0.25
0.33333333333333326
0.0
0.0
0.0
0.0
0.33333333333333337
0.0
0.0
0.0
0.0
0.16666666666666666
1.249000902703301e-16
0.125
0.14285714285714285
0.20000000000000007
0.14285714285714285
0.3333333333333333
0.49999999999999994
0.16666666666666669
0.0
0.5
0.19999999999999998
0.16666666666666666
0.5
0.0
0.20000000000000004
0.25
0.0
0.0
0.0
0.0
0.20000000000000004
0.0
0.0
0.0
0.12499999999999999
0.0
0.25
0.125
0.0
0.0
0.0
0.0
0.0
0.16666666666666669
0.1428571428571429
0.25
0.25
0.0
0.2
0.25
0.0
0.125
0.2
2.0816681711721685e-17
1.3877787807814457e-17
0.0
0.0
0.16666666666666663
0.0
0.0
0.25
0.0
0.2
0.5
0.5
0.0
0.0
0.0
0.0
0.0
0.0
0.0
0.0
0.0
0.14285714285714288
0.16666666666666663
0.0
8.326672684688674e-17
0.0
0.0
0.0
0.0
0.25
0.0
0.0
0.0
0.5
0.14285714285714288
0.25
0.1428571428571429
0.0
0.1666666666666667
0.24999999999999997
0.33333333333333337
0.0
0.0
0.20000000000000007
0.0
4.163336342344337e-17
6.938893903907228e-18
0.19999999999999996
0.14285714285714285
0.0
0.20000000000000007
0.125
0.0
0.125
0.1428571428571428
0.16666666666666669
0.25
0.11111111111111105
0.11111111111111109
0.0
0.0
0.0
0.3333333333333333
0.0
0.125
0.25
0.25000000000000006
0.3333333333333333
0.0
0.25
0.0
0.0
0.16666666666666657
0.16666666666666669
0.33333333333333326
0.125
0.125
0.20000000000000004
0.0
0.125
0.25
0.0
0.19999999999999998
0.16666666666666663
0.11111111111111116
0.0
0.0
0.0
0.0
0.0
0.19999999999999996
0.0
0.0
0.33333333333333326
0.25
0.0
0.0
0.0
0.16666666666666669
0.25
0.0
0.125
0.1428571428571428
0.0
0.25
0.0
0.0
0.0
0.125
0.0
4.163336342344337e-17
0.0
0.09090909090909087
0.1428571428571428
0.0
0.0
0.0
0.19999999999999998
0.0
0.33333333333333326
0.16666666666666663
0.0
0.0
0.0
0.1428571428571428
0.0
0.11111111111111108
0.33333333333333337
0.0
0.16666666666666663
0.20000000000000007
0.25
0.0
0.1666666666666667
0.3333333333333333
0.16666666666666663
0.0
0.0
0.11111111111111106
0.0
0.1428571428571428
0.0
0.0
0.0
0.0
0.0
0.5
0.12499999999999999
0.1111111111111111
0.09090909090909086
0.0833333333333333
4.85722573273506e-17
0.11111111111111102
0.125
0.0
0.0
0.0
0.5
0.25
0.0
0.19999999999999996
0.0
0.125
0.0
0.16666666666666663
0.0
0.3333333333333334
0.25
0.0
1.734723475976807e-17
0.14285714285714277
0.14285714285714285
0.0
0.0
0.1999999999999999
0.0
0.0
0.0
0.2
0.0
0.0
0.0
0.0
0.16666666666666674
1.214306433183765e-17
6.938893903907228e-17
0.125
0.0
0.2
0.14285714285714288
0.14285714285714285
0.0
0.11111111111111108
0.19999999999999998
0.10000000000000002
0.0
0.0
0.19999999999999996
0.0
0.25
0.2
0.0
0.0
0.1
0.0
0.0
0.16666666666666666
0.0
0.0
0.0
0.0
0.33333333333333337
0.3333333333333333
0.16666666666666669
0.0
0.0
0.0
0.0
0.1428571428571428
0.0
0.19999999999999996
0.0
0.0
0.0
0.19999999999999996
0.1428571428571428
0.0
0.16666666666666663
0.0
0.20000000000000007
0.0
0.16666666666666663
0.19999999999999998
0.0
0.11111111111111116
0.16666666666666666
0.0
0.0
0.0
0.25
0.125
0.0
0.0
0.0
0.0
0.19999999999999996
0.0
0.0
0.0
0.0
0.0
0.11111111111111106
0.0
0.0
0.12500000000000003
0.0
0.0
0.16666666666666666
0.16666666666666663
0.0
0.0
0.16666666666666669
0.12499999999999996
0.0
0.0
8.326672684688674e-17
0.11111111111111106
0.3333333333333335
0.0909090909090909
0.0
0.09999999999999999
0.14285714285714282
0.0
0.0
0.0
0.0
0.2
0.0
0.2000000000000001
0.25
0.0
0.16666666666666669
0.0
0.24999999999999994
0.0
0.20000000000000007
2.0816681711721685e-17
0.24999999999999997
0.0
6.245004513516506e-17
0.0
0.25
0.11111111111111113
0.11111111111111113
0.0
0.0
0.0
0.0
0.0
0.0
0.16666666666666669
0.0
0.0
0.0
0.1428571428571429
0.125
0.33333333333333326
0.19999999999999996
0.0
0.0
0.0
0.0
0.125
0.0
0.1666666666666667
0.16666666666666663
0.0
0.0
5.551115123125783e-17
0.14285714285714288
0.0
0.0
0.2
0.25
0.12499999999999999
0.16666666666666669
0.0
0.0
0.0
0.125
0.11111111111111108
0.0
0.0
0.12499999999999997
0.10000000000000003
0.0
0.25
0.0
0.33333333333333326
0.0
0.08333333333333326
0.0
0.08333333333333334
0.10000000000000009
0.12499999999999997
0.0
0.16666666666666666
0.11111111111111116
0.0
0.19999999999999996
0.16666666666666669
0.0
0.0
0.0
0.0
0.0
0.24999999999999997
0.16666666666666657
3.469446951953614e-18
0.0
0.07142857142857142
8.326672684688674e-17
0.0
0.0
0.1428571428571429
0.1428571428571429
0.0
0.0
0.20000000000000012
0.2
0.3333333333333332
0.0
0.0
0.1
0.1428571428571428
0.0
0.0
0.0
0.0
0.0
0.16666666666666669
0.1428571428571428
0.2
0.0
0.19999999999999996
0.0
0.16666666666666674
0.1666666666666667
0.0
0.2
0.33333333333333337
0.0
0.1428571428571428
0.33333333333333337
0.16666666666666666
0.0
0.11111111111111113
0.25
0.0
0.09999999999999992
0.10000000000000006
0.0
0.1428571428571429
0.0
0.25
0.1428571428571428
0.12499999999999999
0.19999999999999998
0.11111111111111109
0.2
2.7755575615628914e-17
0.111111111111111
0.0
0.0
0.0
0.09090909090909091
0.07692307692307691
0.0
0.16666666666666663
0.19999999999999996
0.09090909090909086
0.2000000000000001
0.0
0.5
0.11111111111111108
0.125
0.16666666666666663
0.125
0.0
0.0
0.14285714285714285
0.0
0.0
0.0
0.0
0.0
0.14285714285714285
0.0
0.0
0.0
0.09999999999999999
0.0
0.0
0.14285714285714282
6.245004513516506e-17
0.33333333333333337
0.0
0.0
0.14285714285714285
0.0
0.0
0.16666666666666669
0.1666666666666667
0.11111111111111116
0.0
0.5
0.19999999999999996
0.1428571428571428
0.0
0.25
0.1428571428571429
0.09090909090909091
0.16666666666666669
0.14285714285714288
0.125
0.125
0.0
0.11111111111111105
0.0
0.1666666666666667
0.0
0.0
0.0
0.25
0.25
0.0
0.0
0.0
0.16666666666666663
0.0
0.0
1.249000902703301e-16
0.0
0.1
0.0
0.0
0.0
0.20000000000000007
0.0
0.0
0.0
0.125
0.1666666666666666
0.0
0.0
0.0
0.33333333333333337
0.0
0.0
0.0
0.14285714285714285
0.0
0.16666666666666657
0.25
0.0
0.25
0.0
0.0
2.7755575615628914e-17
0.0
0.19999999999999996
2.7755575615628914e-17
0.33333333333333337
0.11111111111111116
0.0
0.0
0.24999999999999994
0.0
0.0
0.2
0.16666666666666666
0.16666666666666669
0.09090909090909095
0.0
0.11111111111111113
0.09090909090909091
0.0
0.0
0.0
0.16666666666666669
0.19999999999999998
0.125
0.0
0.24999999999999994
0.14285714285714285
0.09999999999999996
0.24999999999999997
0.20000000000000004
0.125
0.16666666666666669
0.0
0.0
0.1
0.0
0.25
0.1428571428571428
0.11111111111111106
1.3877787807814457e-17
0.0
0.0
0.0
0.16666666666666669
0.0
0.16666666666666663
0.0
0.0
0.0
0.14285714285714285
0.0
0.25
0.0
0.125
0.0
0.14285714285714285
0.0
0.12499999999999999
0.25
0.14285714285714285
0.09090909090909088
0.0
0.0
0.0
0.25
0.09999999999999999
0.0833333333333334
0.0
0.1428571428571429
0.0
0.0
0.1111111111111111
0.09999999999999998
0.0
0.0
0.20000000000000004
2.42861286636753e-17
0.16666666666666669
0.0
0.0
0.25
0.09090909090909094
0.14285714285714285
0.0
0.0
0.5
0.09090909090909091
0.0
0.0
0.1428571428571429
0.2
0.1428571428571428
0.0
0.09090909090909086
0.0
0.0
0.0
0.125
0.0
0.09999999999999999
0.1428571428571428
0.0
0.1428571428571428
0.0
0.0
0.0
0.24999999999999994
0.125
0.0
0.24999999999999997
0.16666666666666669
0.33333333333333326
0.0
0.0
0.1
1.3877787807814457e-17
0.08333333333333327
0.11111111111111112
0.08333333333333327
0.07692307692307701
0.0
0.0
0.0
2.7755575615628914e-17
0.16666666666666666
0.11111111111111109
0.16666666666666663
0.0
0.14285714285714288
0.08333333333333325
0.12500000000000003
0.0
0.0
2.0816681711721685e-17
0.0
0.11111111111111119
0.0
0.0
0.08333333333333336
0.20000000000000007
0.09999999999999998
0.06666666666666668
0.12500000000000003
0.0
0.0
0.09090909090909093
0.0
0.16666666666666669
0.0
0.0
0.0
0.11111111111111116
0.0
0.0
0.16666666666666666
0.16666666666666666
0.12500000000000003
0.0
0.2
0.0
0.0
0.1428571428571429
0.0
0.0
0.16666666666666669
0.0
0.09090909090909088
0.16666666666666663
0.0
0.14285714285714288
0.1
1.249000902703301e-16
0.16666666666666663
0.5
0.11111111111111115
0.1428571428571428
0.07692307692307684
0.0
0.0
0.0
0.08333333333333333
0.0
0.0
0.09090909090909086
0.2
0.0
0.0
0.20000000000000004
0.0
0.0
0.125
0.33333333333333326
0.0
1.3877787807814457e-17
0.14285714285714285
0.0
0.09090909090909091
0.0
0.0
0.1428571428571429
0.1
0.14285714285714282
0.0
0.0
0.08333333333333336
0.1111111111111111
0.25
0.07692307692307696
0.16666666666666669
0.11111111111111112
0.0
0.0
0.09999999999999999
0.125
0.14285714285714282
0.0
0.1428571428571428
0.24999999999999997
0.11111111111111113
0.0
0.125
0.0
0.11111111111111119
0.14285714285714288
0.09090909090909097
0.16666666666666669
0.0
0.0
0.0
0.25
0.0
0.0
0.16666666666666663
0.11111111111111108
0.16666666666666669
0.0
0.08333333333333333
0.0
0.16666666666666669
0.0
0.09999999999999996
0.0
0.0
0.1666666666666666
0.11111111111111116
0.16666666666666663
0.14285714285714285
0.24999999999999997
0.0
0.0
0.0
0.0
0.08333333333333334
0.08333333333333331
0.0
0.125
0.0625
0.1111111111111111
0.1111111111111111
0.1111111111111111
0.09999999999999995
0.0
0.0833333333333333
0.0
0.11111111111111105
0.1428571428571428
0.0
0.0
0.0
0.0
0.07692307692307689
0.20000000000000007
0.125
0.07692307692307691
0.09090909090909091
0.0
0.14285714285714285
0.0
0.0
0.0
0.09090909090909091
0.33333333333333326
0.0
6.245004513516506e-17
0.09999999999999999
0.09090909090909084
0.0
0.05882352941176472
0.09090909090909094
0.09090909090909093
0.19999999999999996
0.08333333333333337
0.09999999999999994
0.125
0.0
0.0
0.0
0.06666666666666671
0.11111111111111108
0.12499999999999999
0.0
0.0
0.0
0.11111111111111116
0.11111111111111115
0.07692307692307693
0.14285714285714285
0.16666666666666666
0.0
0.1666666666666666
0.0
0.19999999999999996
0.0
0.33333333333333326
0.12500000000000006
0.1
0.25
0.1
0.0
0.0
0.11111111111111108
0.19999999999999993
0.125
0.1111111111111111
0.09090909090909097
0.0
0.0
0.0
0.0
0.08333333333333337
0.1428571428571428
0.125
0.11111111111111112
0.16666666666666669
0.08333333333333337
0.1111111111111111
0.0
0.1111111111111111
0.1428571428571428
0.0
0.0
0.0
0.16666666666666666
0.0
0.0
0.25
0.08333333333333334
0.0
0.0
0.0
0.0
0.11111111111111113
0.0
0.0
0.0
0.06666666666666665
0.07692307692307696
0.0
0.0
0.0
0.0
0.0
0.1
0.16666666666666663
0.19999999999999996
0.0
0.0
0.16666666666666669
0.0
0.0
1.3877787807814457e-17
0.14285714285714288
0.0
0.0
0.0
0.0
0.1
0.0
0.0
0.0
0.0
0.24999999999999997
0.1111111111111111
0.0
0.0
0.0
0.0
0.125
0.0
0.06666666666666667
0.0
0.16666666666666657
0.0
0.20000000000000004
0.08333333333333334
4.85722573273506e-17
6.938893903907228e-17
0.0
0.09090909090909095
0.125
0.09999999999999995
0.1111111111111111
0.0
0.0
0.11111111111111115
0.0
0.0
0.11111111111111116
