
2021-08-09 14:48:39.505685

QSim_U_rand_BD
0.0
0.0
0.0
7.264220703869322e-18
0.5909281652356113
0.5208957382823479
0.5080705804260834
0.5909281652356113
0.5666922283757948
0.3395078146308254
0.33875785532690605
0.14217936578265003
0.14217936578265003
0.0726972579078343
0.0006812926830286841
0.14018770409500766
0.14217936578265003
0.1265260281978053
0.11038337827252115
0.11661054130106123
0.1192100458363441
0.12652563757877838
0.11645654078647841
0.014250978842712664
0.20412418945680633
0.2110981795528322
0.2226859090235874
0.22505858597525694
0.2187961156314889
0.2209061329295887
0.21639910384687527
0.21639910384687527
0.21478645020400186
0.192300715803186
0.11093609855506502
0.12439502278518225
0.13921034963809037
0.12176905185022704
0.1366994038009091
0.1350902710567643
0.14646134638599734
0.1288365842405622
0.13948284262150185
0.1373663521741749
0.24307920627081434
0.2432544546454761
0.24359668883761196
0.24359668883761196
0.2296255779898754
0.2296255779898754
0.2299078715984511
0.23512122050391243
0.20584948631928454
0.27799642833061594
0.27503104491327235
0.18796011582084085
0.26430317093464606
0.23347375065955434
0.23180141414137953
0.22052926600655312
0.16777170424062982
0.20658971840372642
0.27053291217194286
0.14012183897928682
0.12147317899503073
0.037309789332819907
0.03362331401747212
0.02202152131077063
0.05308839491184028
0.05308839491184028
0.10643533390399759
0.135407216919817
0.14303547546675588
0.14303547546675588
0.11103947183415366
0.14750900396605962
0.14794342543451
0.16831915789692348
0.148970510407512
0.13863122476418302
0.1440775625668463
0.10937060683366147
0.16083674343364945
0.13317626465539056
0.1187461070039911
0.12582634443815444
0.11656138759690253
0.12059365569305429
0.11655990488931464
0.09333878725479099
0.12236319762831648
0.12498934667923865
0.1311340533770743
0.13633653848952917
0.13610573035711035
0.14299846753051115
0.11640199511579158
0.14537841813791713
0.14319156177906864
0.13390266263642997
0.14475205833704682
0.1419588023698899
0.13557995841367262
0.13367741406679964
0.12734114956695908
0.13370041411556852
0.1290789313604176
0.14069338264935455
0.1253394380140486
0.1305412117034248
0.1332924991792713
0.13755508358680987
0.13798211286228695
0.14481979713537407
0.11859456262428071
0.10321051075918078
0.11651063511780776
0.06156347896718328
0.06294467677057719
0.07211755179327986
0.07211755179327986
0.06026362466688424
0.046293032216741956
0.042806596706694344
2.1775810715814307e-17
0.06418314008364996
0.06418314008364996
0.06456034300492544
0.06948376128933621
0.06766731521605085
6.497855589701156e-19
2.771368459886444e-17
4.808113272665115e-17
2.3703419447323476e-17
2.3703419447323476e-17
8.811987448794029e-18
1.9522584724941047e-17
8.063586675158138e-18
1.3262955203908005e-17
1.9278663729201352e-17
2.4322209808069155e-17
2.800282116021371e-18
1.0440283216575443e-17
2.853237326493985e-17
1.3152421842886755e-17
1.4395305813496786e-17
3.241076366935914e-17
3.0852931214375024e-20
1.3864694688655995e-17
2.271170964180611e-18
1.131999245420551e-18
2.86104089122114e-17
1.5445960415366418e-17
1.2077948075938945e-18
1.2077948075938945e-18
3.2009277898060035e-17
2.758626584859471e-17
3.690892513427067e-18
5.814302112077085e-18
7.047815920983218e-18
1.0549797477187714e-17
1.0653267541429688e-17
1.5736099741778953e-17
2.3557636278439287e-18
2.64555288687355e-18
2.6278592496783643e-18
1.787476270123422e-19
2.102211027252321e-18
8.971012806624868e-18
9.751478104950912e-18
9.23296280292873e-19
1.1662077685300411e-17
4.236154258701724e-18
7.151033686122894e-18
7.151033686122894e-18
4.05705337080692e-18
1.0056897268171407e-17
1.143882598462453e-17
6.11200544358449e-18
1.3006231530315164e-18
1.5394504979437944e-17
1.3816602290607649e-17
1.3816602290607649e-17
7.055199506466037e-18
4.271325980363902e-18
1.597287257409798e-17
4.198502170160516e-17
1.5688357307373904e-18
7.249533245646031e-18
1.6630021940062903e-17
7.045756409396885e-18
1.8073360151767254e-17
9.423241647833214e-18
4.288227008894663e-18
4.288227008894663e-18
1.8134962723001233e-17
1.2945669540519966e-17
9.659024286441701e-18
1.6251671359811506e-17
2.0265890539631868e-17
3.523123056479166e-17
2.1489189080293624e-17
1.631883750579636e-17
7.671873913092556e-18
2.8267605187596572e-18
1.0191509502410259e-17
1.3878875673048756e-17
2.1090048738262445e-17
1.778818138795926e-17
1.6305983788702298e-17
7.544829331751437e-18
2.5382947529144304e-17
6.1500959123036526e-18
2.3699146214748175e-19
3.820334720623449e-18
4.599113428460636e-18
4.894454056248721e-18
5.991653444081705e-18
2.1309607158860348e-17
1.572889649149642e-17
2.6219530088410124e-17
6.221204657709205e-18
2.2551868992305243e-17
1.4032772847621086e-18
5.325326388066608e-18
8.225586264491245e-18
3.001645579309342e-17
9.947256001185009e-18
2.3226465105527548e-18
1.1228780613355902e-17
5.390075661617172e-18
9.848274589474713e-18
2.262439726524693e-18
1.4974442041610937e-18
4.145620602741472e-18
1.414531595768091e-17
4.703826937462646e-18
2.8591135509489795e-18
4.408187971181983e-18
8.297492788261443e-18
5.0184181460295434e-18
1.9884498971116285e-18
2.243600978894047e-17
1.1888947676972124e-17
7.01307209005817e-18
1.3171407753526827e-17
6.119896034738696e-18
1.6592305484836895e-17
1.429137730216718e-17
1.7010811382106887e-17
4.641832924760648e-18
3.693758383526986e-18
3.4144209258275605e-18
2.1206058502725815e-18
4.205644646910808e-18
1.1953149616922288e-17
1.5070207260163295e-18
5.163554666514135e-19
4.27215527511786e-18
1.4161679636264305e-17
1.4161679636264305e-17
7.407947898303178e-18
1.5952170936624277e-19
6.602073308867696e-18
2.6098843973259862e-18
1.7752707741893816e-17
4.576000667345639e-18
5.110715841262817e-18
6.12371176892586e-18
1.120247941057347e-18
1.9947530719183562e-18
1.3715306565051244e-17
2.3292146030708427e-18
1.3807124625385323e-17
4.02718337704531e-19
8.146995780059782e-18
5.3422828329910546e-18
5.83113428761183e-18
1.634553386750828e-19
8.713035109765864e-18
7.468038514406122e-18
2.525823064421826e-17
5.116304833255427e-18
5.794165492725452e-18
1.4629617833075176e-17
3.898786609950917e-18
1.5384738317016307e-17
1.0014168114294353e-17
7.044516345611236e-18
1.6593660804019508e-17
6.630845717981517e-18
4.3179157913071524e-18
4.6807142910820444e-18
3.1275659078746964e-18
3.511592575303617e-18
2.3571058336869338e-17
3.609251804833269e-18
4.030217932102966e-18
4.030217932102966e-18
4.030217932102966e-18
4.030217932102966e-18
4.030217932102966e-18
2.712292081687343e-18
5.639391580524874e-18
3.652978632660189e-18
9.080784490609074e-18
3.986805143230732e-18
2.272973713471385e-17
2.2518507476383262e-17
1.6992508433808077e-17
1.6490055201844934e-17
1.0754547736667698e-17
7.319913702297525e-18
3.6051562382387856e-17
3.6051562382387856e-17
4.7151294201295196e-18
2.13094596142684e-18
2.370111442142183e-17
2.734402437094169e-17
2.904355432088952e-17
2.0749893293731254e-18
1.0289619782295966e-17
3.4505152716862574e-17
1.9208836538348224e-17
4.827143515770694e-18
1.5454948067919766e-17
1.904561917467768e-17
4.739399426959048e-18
1.110081182751808e-17
5.1174999222224e-18
3.0222029671690056e-17
1.2774449487116213e-17
2.810378194272497e-17
1.9930800325676336e-17
4.788714716623657e-18
3.2824174613201803e-18
8.95996317218775e-18
1.4041695635048198e-17
4.89150144246882e-18
9.423942280460991e-18
5.540270686886171e-18
9.423942280460991e-18
1.8021037068408938e-17
1.3069975945432786e-17
9.312675623282794e-19
1.2886916465979954e-18
1.8400926196122723e-17
1.9602452498790087e-17
1.6096666265168587e-18
1.6096666265168587e-18
7.316325403413787e-18
8.2500567500969e-18
1.0530819051567211e-17
2.5199052724326603e-17
1.608469731447291e-17
1.4194144949246315e-17
1.9537275330000355e-17
3.416228344732602e-17
1.5689313113014444e-17
1.3495358907664137e-17
1.4415452152147563e-17
9.376904621879899e-18
1.2241540290993772e-17
4.383484358886663e-18
9.050514102283666e-18
5.110989383815528e-18
1.0564941829590937e-17
1.324140043469237e-17
8.713870815597833e-18
8.713870815597833e-18
1.4103699400145053e-18
2.2444231285178777e-18
1.829891676992071e-17
3.3225767049841626e-18
5.014232747608349e-18
1.6517006445919874e-18
1.290169002751353e-17
4.625610510538782e-18
4.625610510538782e-18
6.6242811397914074e-18
9.013780355549564e-18
3.5213819134756204e-18
9.064664932572594e-18
1.1512177702399545e-17
1.821401379370087e-17
1.9537669992273147e-17
2.1670826871982658e-17
1.5610763539426687e-17
1.1052073314888832e-17
1.47736653385936e-17
5.252225179553818e-19
5.1372890654526494e-18
5.506012873266161e-19
8.986948543776953e-18
5.2291137644470615e-18
3.788160675014334e-17
1.6172900325839676e-17
1.6172900325839676e-17
1.3663658731460276e-17
1.7138941206273547e-17
7.406848729669879e-18
1.1775213832294542e-17
4.321949518980865e-18
1.744004702345307e-17
1.3587750262536062e-17
5.771075775504271e-19
1.5715804944068415e-17
6.817584466024097e-18
7.181664944863559e-18
1.7962206634348542e-17
4.761890272140921e-18
7.12750607995978e-18
9.66257129701062e-19
5.416486712148536e-18
1.4123580241247741e-18
1.2653650165312525e-17
1.1797775353022563e-17
1.0324778292759214e-18
1.2402073130811615e-17
9.039083210511964e-18
2.776594990959216e-17
1.515915870877067e-17
5.019969724908522e-18
8.048179309487985e-18
1.0066828091405703e-17
2.3557784927444583e-18
2.898726841847285e-17
1.7595859679597686e-17
9.14125304347906e-18
5.440614791608057e-18
2.3208379541146196e-17
3.623875852244685e-18
1.1301075409000976e-17
4.343238853422574e-18
1.215552288083458e-17
2.2079189654329694e-17
1.5127272919272625e-17
8.255649704888358e-18
1.187171378928987e-17
1.4728137268863684e-17
1.2842307766129288e-17
6.649203057655211e-18
4.191778198450919e-18
7.040704841666013e-18
5.8803712313388785e-19
4.021496392067905e-18
8.643818679748588e-18
5.155786404841955e-18
2.35688424525671e-17
1.1775818671736874e-17
1.0909198426299296e-17
4.5794300565279325e-18
2.389642804040885e-17
6.344002474741115e-18
3.83992886671338e-18
9.67914159109498e-18
6.9154411547089935e-18
9.185707163663394e-18
1.0328631168082415e-17
2.6645015332847752e-17
1.8989809213536116e-18
3.6337752943153343e-17
1.637243292065699e-17
1.8824066787422728e-17
2.1200219483033504e-17
9.942143849773494e-19
6.560910280364841e-18
6.560910280364841e-18
5.40052412508914e-18
9.608000116234108e-18
4.6196383104828714e-18
1.6102876305547208e-17
2.4415375785004332e-17
3.153271709558059e-17
2.999777143762935e-17
2.6797932131823866e-17
2.4425971126603784e-17
2.4519482254414665e-18
4.1755624613300424e-18
2.7217247589567758e-17
2.2048617086454346e-19
8.93129742415598e-18
1.4181443182765608e-17
1.100677031052246e-17
1.135258435961606e-17
1.7632577142834157e-17
5.826007857994606e-18
1.4156315637483847e-17
2.0219385134080674e-17
2.0330022446945922e-17
1.7311818695507508e-18
9.954391616359532e-18
1.8475484474045603e-17
2.7041838405340335e-17
1.3765721394278056e-17
2.3660669129002458e-17
1.0611504142148201e-17
3.0170406765766553e-18
8.36998189503615e-18
3.232840990820607e-17
1.1002624811943511e-17
1.5624620719335018e-17
2.602644815564011e-19
4.384774004148914e-18
1.2442591122403005e-17
1.7598054956574098e-18
7.437308061734919e-18
1.0491627924828952e-17
3.339943037045754e-17
3.1805508508466556e-17
3.1805508508466556e-17
1.2410149869588857e-17
1.5494050674522513e-17
1.1119841926021966e-17
1.3520677435652641e-17
7.538764843105916e-18
1.1987622081050284e-17
3.205395458272046e-18
1.3407067900282275e-17
1.9754879681805716e-17
1.994276259412623e-18
4.659125726427739e-18
1.427224854148382e-17
2.435746234687448e-17
2.656027927446108e-17
1.509595603235721e-18
1.683049039152644e-18
3.540965681924346e-18
1.3446816463571646e-17
7.971829923026349e-18
3.472857089726541e-18
2.200104709391326e-17
1.0431537718042046e-17
2.7320580177277175e-18
1.668721228547743e-17
2.7320580177277175e-18
3.706934482280435e-18
2.075558403271446e-18
1.106843252628402e-17
1.4935221452061987e-17
1.842213268167531e-18
1.088505765273842e-17
1.0609204653941689e-17
1.3898141605409048e-17
4.893688836687187e-18
7.30818879131791e-18
3.398997268937942e-18
1.2647903978380137e-17
9.059032722286306e-18
9.795493061759871e-18
6.663598420621948e-18
4.241606925070462e-18
2.0933353339340808e-18
1.6101058825818333e-17
1.0032047498867879e-17
2.4633961771533066e-17
1.8066225534734738e-17
9.629670371903085e-18
6.862505640972146e-18
1.0991736877775076e-17
7.684241420403382e-18
9.39720167605946e-18
1.7758566770090217e-17
2.630225625379288e-17
9.545041451666775e-18
1.2120918738985192e-17
7.046190353522171e-18
1.2613533165641334e-17
3.2505693980130686e-18
3.1079821541016678e-18
2.3389857292528868e-17
3.4123205942021346e-19
4.076398197448854e-18
8.634973200440424e-18
1.3551674049088009e-17
5.324655490900094e-18
3.0471929589278216e-18
1.7024567097777066e-17
1.850873459601447e-17
1.1604100536562942e-17
6.7726800656348196e-18
7.073697638875901e-19
1.5623720978004088e-18
1.5623720978004088e-18
3.517437870759893e-18
9.330428845150991e-18
3.3966408010032755e-18
3.3966408010032755e-18
1.0204010164739809e-17
1.471680267725321e-17
4.256470646401673e-18
9.965435180184381e-18
1.0813636528190538e-17
7.811001900302289e-18
1.310686790012884e-17
2.198758630670305e-17
2.2160665571607706e-17
2.845806709977706e-17
2.065646422514188e-17
1.420566156592966e-17
1.1378108126973725e-17
2.190453757404028e-17
2.190453757404028e-17
3.0766409635715326e-18
1.8691776643458757e-17
1.2028578834202619e-17
8.646216239933515e-18
2.4107906980699904e-17
3.762712171630657e-17
6.792828861336674e-19
2.3859543176372165e-19
5.158623023432079e-18
3.940268413371092e-18
1.149769334430612e-18
4.226759406639004e-18
6.286943683056739e-18
4.183617544991619e-18
1.599441622702054e-17
2.7250251601980248e-17
7.514589693137277e-19
1.066007232678271e-17
4.7058427311483656e-18
9.056479948912403e-18
9.056479948912403e-18
6.687718018926823e-18
2.6898413940259008e-18
8.235137658870078e-18
1.2689791920581822e-17
1.3944290253194786e-17
3.3966143290008933e-18
3.79404666999777e-18
2.2471002948835083e-17
1.8766305176052182e-18
4.287955536291176e-18
1.1240626004341043e-17
4.967271104476869e-18
1.1726518568843277e-17
3.788149501671583e-18
1.5014761701907446e-17
1.2543468700227873e-18
1.1204335321663396e-17
1.547318098668155e-17
2.5919354417893446e-17
1.7352170512631523e-17
3.2206936204640667e-18
2.9853840654125366e-18
1.1850120175736774e-17
4.996931127320977e-18
1.186273985330975e-17
3.5019747873631225e-18
1.0456613653975594e-17
7.301276115893104e-19
1.4156251613651638e-17
1.4156251613651638e-17
6.5536417024063e-18
8.099848644760829e-18
6.034916269957994e-18
1.008645752861226e-17
4.603662317491179e-18
1.1404772357073731e-17
2.394842005308663e-17
1.9628257635290533e-17
1.9628257635290533e-17
1.5380960099348722e-18
7.063197624390903e-18
2.7215114549521575e-17
2.5632390656473656e-17
3.8690911391768476e-17
1.3808354539442373e-17
9.159987332120504e-18
4.7631185317192695e-18
4.343809703180232e-18
1.6453022427724018e-17
6.5771874219148366e-18
1.0216740947760772e-17
1.8160212626759407e-18
1.1070299693030211e-17
1.573781983472618e-17
1.8554800954988007e-17
3.1246307384730993e-18
1.9504342258861615e-17
1.1888907568325738e-17
9.948789798070244e-18
2.3329401487629684e-17
3.591200987947243e-18
1.644000518900764e-17
2.266325664304888e-17
2.513748587358002e-17
3.0919464044146984e-18
1.911369854859933e-17
6.570679901980965e-18
1.2050086816675492e-17
2.9124413023217166e-17
1.6922269821926623e-17
1.6922269821926623e-17
1.412171507872643e-17
2.0057952898432672e-17
3.193968508467183e-17
2.413063008147047e-17
6.7644854874728794e-18
8.648230266391753e-18
1.1620698528819237e-17
4.137259463699559e-18
1.0059421186029493e-17
1.2516639933838882e-17
1.8725725928585358e-17
1.1457816342405456e-17
1.5083976520232847e-18
3.8778406350456975e-18
1.3036295937631547e-17
7.475894647599082e-18
2.1008990980506485e-17
1.7996067743067938e-17
9.591030151489374e-18
4.734860603960375e-18
1.2604909286191557e-17
3.526926382000634e-17
1.0225387809642563e-17
1.165370414370307e-17
2.163743374287501e-17
1.8273548478979287e-17
3.5353721440107925e-18
2.02745351320521e-17
1.02486629846343e-17
2.9768864642955264e-17
1.035058433009712e-17
7.81630218962499e-20
1.6068530372116318e-17
2.355999335933369e-17
1.5652761469523826e-17
1.868932642604078e-17
1.8092532217041893e-18
1.2478849147853643e-18
2.42425582505561e-17
1.0470299468742018e-17
1.1714661366971878e-17
8.91819959082666e-18
4.675068424169885e-18
6.7996039425538e-18
5.945342230641275e-18
5.945342230641275e-18
1.6619653498616814e-17
5.1321421953257536e-18
2.303667121534287e-18
1.305767935831795e-17
1.5489979997518956e-17
8.107771950564162e-18
3.418367358255735e-17
8.728941717513829e-18
8.701785485062778e-18
6.520234478295019e-18
7.927278437565348e-18
1.0789587862064478e-19
1.1623084884681727e-18
1.1623084884681727e-18
6.2191791357644065e-18
9.131545351109987e-18
2.1894368037778604e-17
4.2244300349253306e-17
7.780002023684961e-18
8.914808210338455e-18
7.890835212943646e-19
4.3807126752909816e-18
1.0145675756371906e-17
4.128128086600504e-17
2.6011883888212984e-17
2.16806485897618e-17
1.6662847405346566e-18
1.1042422016623415e-17
2.1201931608500783e-18
2.1201931608500783e-18
1.6933931335872891e-18
1.2768382117444083e-17
1.369349173515296e-18
1.649406574759723e-17
1.3866793741085344e-17
2.493681288002878e-18
1.1636375554228184e-17
5.6211628758193846e-18
2.2939223925120487e-17
3.283260691017913e-18
7.392925698077258e-18
6.703462980696399e-19
1.9204480554922663e-17
9.814735040699083e-18
1.7959798231531816e-17
5.511652089963006e-18
1.8579757361440722e-17
1.4684510734863913e-17
1.3099667026067256e-17
1.4590266514987566e-17
1.5512631407801772e-17
1.0887062512242018e-18
1.589222472589812e-17
1.1522948080902918e-17
1.1522948080902918e-17
2.4227738340523044e-17
4.8960194846085554e-18
1.236679003570724e-19
3.4020070714823295e-18
5.2381573260246856e-18
3.8028712542089936e-19
1.4281434184536226e-17
7.813862807409217e-18
1.1509828387911374e-17
3.3559112431210124e-17
3.000824968102186e-17
1.9005760470226753e-18
4.986812773635238e-18
1.565583380141486e-18
5.850308935766217e-18
1.602121109367185e-17
9.46010074178082e-18
1.649582574302513e-17
1.6857127335401754e-17
9.174375897037764e-18
9.663082312402916e-19
2.9788314471839558e-18
9.576906870536672e-18
1.5010267163280187e-17
4.803816913332988e-18
4.493079975848865e-18
2.110275121588736e-17
9.815971526647174e-18
1.5641603506101234e-17
1.5641603506101234e-17
4.4114687756444246e-18
2.55047957491111e-18
4.360970827280752e-18
8.40073188752735e-18
8.654449979922083e-18
5.025971005817066e-18
1.4428877774855502e-17
2.0615805744372903e-18
8.468808102932733e-19
2.6369900865119097e-18
3.388887754269436e-18
6.1722977852520844e-18
3.3100634148541675e-18
9.498063334123939e-18
2.3626090722283445e-17
1.2370873795103287e-17
1.3562874921906764e-17
1.2195512288201534e-17
1.1659115203139194e-17
2.5034133048963283e-17
1.5150360034160238e-17
2.0044324650619112e-17
3.377791812021056e-18
1.0418763682581028e-17
2.7939420116522126e-18
9.758892050443053e-18
1.2198840043153587e-17
1.1971550612077042e-17
2.1092683816705177e-17
2.1092683816705177e-17
1.9164682746589776e-17
6.979213576357424e-18
6.380884863653831e-18
5.198185517078215e-18
1.6645968158515475e-17
6.121055601166606e-18
9.392583610730362e-18
3.775592338383454e-17
3.4156831338926824e-17
5.1248850771219706e-17
1.3129889403183483e-17
1.1192318482202848e-17
1.0080132800419724e-17
1.8275226911690088e-17
1.3166135643801625e-17
2.7600533385117208e-17
6.042180781200748e-18
1.150540173394885e-17
1.296051871469505e-18
7.290302663767592e-18
1.27064885222528e-17
3.5901326542883746e-19
2.8339152649650624e-17
1.6164607767315625e-17
8.84383614783803e-18
7.967797335436977e-18
1.534109781603042e-17
5.1799554115953416e-18
4.071691767319979e-17
1.0049206940066707e-17
1.0966579059552829e-17
1.220856786897192e-17
1.0235836504537515e-18
1.0490780271802803e-17
1.5539088825521608e-17
9.605366212185321e-19
3.604561958553532e-18
2.7635144932461297e-17
3.6281918971728875e-18
3.1037937306797835e-17
1.3361127720498527e-17
9.463744492848711e-19
2.3608223548691177e-18
4.165368100278419e-18
1.2192418733234172e-17
1.731860482820026e-17
7.25371999191684e-18
1.475004713302075e-17
1.2254803139520222e-17
7.651990891800774e-18
7.647785807462224e-18
3.061064907189467e-19
9.488089951876503e-19
3.1953141770010215e-18
8.751159992721967e-18
5.5611676255510955e-18
1.6897549261569402e-17
8.37401337098974e-18
6.6101062148091334e-18
1.0109211451135982e-17
1.0282001321263842e-17
2.5814196935976012e-18
1.513736239085501e-17
7.540905232541091e-18
7.540905232541091e-18
1.5070393251280096e-17
1.1204136363983542e-18
1.167117758482409e-17
1.167117758482409e-17
1.85934094837572e-17
2.8566996825190626e-18
1.917953493880929e-17
1.4266566080723872e-18
2.250227057919618e-17
2.5086154224795614e-18
1.2847061565632427e-17
1.6303337925554683e-17
4.0343673045019555e-18
6.7878346759667204e-18
3.9319744103218344e-18
9.455632786647689e-18
1.0837729620742198e-19
7.418450756600966e-18
6.0962338688185154e-18
3.3302741127811077e-18
4.07170311382253e-18
7.09155187647034e-18
3.526389440446873e-18
4.246064927420952e-18
7.127847840475916e-18
9.029508386828595e-18
1.2028091810132558e-17
3.335414515841957e-17
2.7332905279842376e-19
1.427443151351324e-17
7.818633871213662e-18
3.887325206462048e-18
1.9699441405251443e-18
8.048758433939182e-18
1.342433064585381e-17
1.5732586285228477e-17
9.300427067775528e-19
1.0317715307992015e-17
8.070909796726515e-18
2.619002668931272e-18
9.258194500409437e-19
1.1000537588363298e-17
1.344751939781114e-17
3.173616033165055e-18
9.161674413713768e-18
1.2634875526235296e-17
1.1787584013115571e-17
9.689966408431598e-18
1.4980654471258864e-17
1.157332393979562e-17
4.586260118276224e-19
5.339278720796887e-18
6.4792907760734354e-18
1.5342262638699222e-17
9.70936462179252e-18
8.99172329240506e-18
4.3412504352671084e-18
5.166059957056077e-18
2.690179687602853e-17
1.7126567764537022e-17
1.0929512828400098e-17
1.182804321466491e-17
1.5322110244755458e-17
4.798264917912339e-18
3.721037246328321e-18
5.897561319714482e-18
2.602811088295832e-17
2.0149723285353755e-17
9.959536318645596e-18
6.34986286386466e-18
2.762277120377191e-17
3.448749855751559e-20
5.404973332451463e-18
2.3366354082237986e-18
3.926448957721942e-18
5.002325322831996e-18
1.6527564790525069e-18
1.3684024441588392e-17
7.946313343006273e-18
1.2931331195520365e-17
2.8184116908032606e-18
1.690004329469789e-17
1.3856955738039657e-17
5.917848982081731e-18
2.5952783823476264e-17
1.2030013773559469e-17
1.1828869102477333e-17
2.5022554256843086e-17
2.7999494235814195e-18
8.680222476710429e-18
3.8248326540051116e-18
1.672261277628388e-17
1.216246471754745e-17
2.2619709630858043e-18
1.633341585037969e-17
2.52946449636116e-17
2.9475956438545006e-18
1.3620497620611604e-17
1.856236735475571e-18
3.9477965756772524e-19
2.3642600158994254e-18
1.4731103370007846e-17
4.294565107021952e-18
4.147393907163189e-18
3.847361335628242e-18
1.071702606284659e-17
3.37829328028246e-17
9.541182055785999e-18
7.320972372236161e-19
3.654042723021006e-18
2.5434664042362475e-18
3.1016487447557692e-18
3.1705141650678505e-18
2.1393525697832376e-17
2.7071928796145315e-17
5.382173625924685e-18
4.707691934470092e-18
2.3602335919694247e-17
5.254403449442584e-18
4.6096209063578305e-18
1.1570881129123174e-17
1.3498025474824403e-17
2.4657910963377698e-17
2.4657910963377698e-17
1.1672329045921897e-17
2.6200257078996536e-17
2.3749624265277057e-17
7.433682234439467e-18
2.6945937672554187e-17
2.198341951432587e-17
3.6688245612234244e-18
5.155417854700404e-18
7.508577679368297e-18
7.508577679368297e-18
7.508577679368297e-18
4.1048213608871814e-18
1.1509023295416999e-17
5.017389782502892e-18
9.935820469562447e-18
2.023960961057161e-17
2.1120271755941e-17
2.6542212396618724e-18
1.579919085517377e-17
7.114613011277228e-18
3.1632216359534665e-17
1.299106589217109e-17
1.299106589217109e-17
1.793224305668318e-18
4.185402013320486e-17
6.956622397933103e-18
1.8410205646364353e-17
2.553895468218195e-17
4.591882259987885e-18
6.688080300785836e-18
3.742086711829792e-17
2.731999989000434e-17
3.189578369031623e-17
1.2333456575096348e-17
3.558006006178651e-17
6.543948370749433e-19
8.71604701149427e-18
1.714329695181133e-17
4.524849832698427e-18
3.4980328391130874e-18
3.4980328391130874e-18
2.1545893662265777e-17
6.005645694165853e-18
7.536143193299486e-18
7.040107540428046e-18
1.1448729722725128e-17
1.1448729722725128e-17
3.2664198863520038e-18
1.9967182901834507e-17
8.817051317962191e-18
1.4480419434354349e-18
3.2437044959167135e-17
3.63155367932017e-18
2.107399443022843e-17
1.2766810639547672e-17
4.330488662185759e-18
4.330488662185759e-18
2.7015034393411124e-19
2.9255846796071174e-18
4.329667069591432e-18
1.697526595767822e-18
3.0090770562659825e-19
4.3949226109496126e-18
2.3923685501735916e-18
7.840402230147734e-18
1.6902844319165335e-17
5.474936197103734e-18
7.924525226344926e-18
1.1763438650039554e-17
9.832586510280247e-18
7.430177001351594e-18
6.504419141530881e-18
6.308788216217719e-18
5.293309000264234e-18
1.0166732834495703e-17
1.2031151379537688e-17
1.4859918845519542e-17
1.460919964463438e-17
8.860993299130137e-19
2.8126563879192078e-18
4.30279851601887e-18
8.625267433740728e-18
1.1315795917815751e-17
2.5113749704752424e-17
4.3127436611983755e-18
5.753090358357129e-18
6.372186383109001e-18
9.393171357450341e-18
4.087708966410551e-18
4.440029031423292e-18
3.2688618244138356e-18
2.0121046837547317e-18
1.327972855990388e-17
3.194179884582089e-17
1.9183113253435302e-17
2.820326331460826e-18
1.6274147703534322e-17
1.439315078628062e-17
5.842292683258037e-19
6.4110134984783886e-18
1.3883454030148288e-17
5.034102566445771e-19
4.695887844363344e-18
2.3912266495336758e-18
5.590471540285374e-18
5.1298880852688755e-18
2.084507846026577e-18
2.074818826634297e-17
3.136487809460304e-18
1.6815120742034296e-17
1.0894383093311076e-17
4.273886474670113e-19
4.273886474670113e-19
2.5068849335351707e-17
6.465053448697179e-19
2.659426850553708e-17
1.0045827734107352e-18
1.0236982205010403e-17
8.51553378243038e-18
3.4228603284724673e-18
8.682962298399833e-18
1.3065562700920059e-17
1.40101842436387e-17
8.148683032274288e-18
8.720893413689074e-18
1.708151818605064e-17
2.4540849094463092e-17
1.7671363368888325e-18
1.3952447090524414e-17
1.2529967686258942e-17
7.992264523537158e-18
8.84559757731185e-18
8.52568155019921e-19
1.8376413255091089e-19
1.822715169398598e-17
1.095939224457893e-17
7.752919274059003e-19
2.4476073719516594e-17
1.5456569608944917e-17
7.859201537088133e-18
9.571634074173461e-18
6.281501154828017e-18
7.462242887594757e-18
1.4754041946490974e-17
3.3850005719274378e-18
1.5386690853663866e-17
2.2535939122695122e-17
1.0730157558779097e-18
1.4702207541114408e-17
6.0823868366075566e-18
4.449454028147433e-18
4.661405358075231e-18
2.3031695259409e-17
3.098106108298135e-19
3.701582837489372e-18
1.7424338106332867e-17
4.237919378062055e-18
6.607835902217816e-18
1.617782824610579e-17
6.996838644287513e-18
2.287214746674403e-17
7.581134448125873e-18
7.581134448125873e-18
1.2762287966903287e-17
5.134511464751572e-18
9.754822561111578e-19
5.89098398739096e-19
1.4509379903770452e-17
2.785924027807047e-18
6.767750147460864e-18
1.9131726302970318e-17
9.856277374741058e-18
1.1977447436727075e-17
6.123088815881486e-18
1.2891550455671062e-17
2.097264275024442e-17
3.298161787901983e-17
8.15191131054468e-18
1.4086048281136747e-17
4.339365983112103e-18
4.2163936699008584e-18
2.772901428530558e-17
2.5339492024140833e-17
4.061797596779479e-17
8.522105939624719e-18
8.556756322702309e-19
1.3544614849666612e-19
3.5859316791422004e-17
4.1878866594463463e-17
8.975065268357309e-18
1.9242384067988557e-17
1.2840009004779414e-17
2.7604522874821284e-18
5.9574605164790556e-18
5.317255193715983e-18
3.451792850120092e-17
2.3936670108866416e-17
2.33750603654206e-17
3.532586065246301e-17
2.2599765553235008e-17
5.5316192371976905e-18
3.851777543468419e-18
1.0575887430710692e-17
3.7701744634043705e-17
4.69277352456188e-18
1.4219839840229392e-17
1.845355678408457e-17
1.7389973615755977e-17
1.6199707187056466e-17
2.2558170592486526e-18
9.245333571648362e-18
1.9145132756633393e-17
1.9145132756633393e-17
8.47000418778864e-18
2.6363077632905173e-17
1.6979894587392982e-17
1.0280773989824348e-17
2.076161215070454e-17
1.5741253384083064e-17
2.3512112956258323e-17
1.202645567500475e-17
2.2965857229676427e-17
5.475961115912853e-18
1.4784040561401272e-17
7.049474115284581e-19
2.797441945659054e-17
7.049474115284581e-19
3.4160772715662105e-18
1.4452477084693074e-17
1.97248599884177e-18
3.640558210659863e-19
9.262212116574284e-18
3.2817986375003325e-18
1.1821172597721172e-18
8.738533461142416e-18
2.1517293196667218e-17
1.2024618451175534e-17
1.7804733876625126e-17
9.748588835550533e-18
8.473443555492441e-18
2.2791063809862315e-17
1.0962000004436413e-17
5.058133303442219e-18
1.6125559532326007e-17
1.4979794907346754e-17
3.9801640246387265e-18
7.964809523769657e-18
2.0515429607388866e-17
7.07711831223858e-18
5.5123154946158815e-18
1.679743116657202e-17
2.9700196712866234e-17
1.0308920900830599e-17
2.27216919148727e-17
2.679619814268125e-18
4.221264161484414e-18
7.965028715657278e-18
1.4993547641559108e-17
1.8597849715155745e-17
6.90173678198456e-18
8.231879340674766e-18
5.201217846168567e-18
9.964884036380964e-20
2.239916983619479e-17
2.712048443142831e-18
8.945800667258151e-18
1.3153592093886094e-17
1.2862121754861338e-17
9.667279727774172e-18
3.1066110961777215e-17
1.3869786678647688e-17
1.0653217973867314e-17
1.264813892101595e-17
1.1179655905845384e-17
6.923321647768354e-18
2.041253684403096e-18
4.7873577652285814e-18
2.0560868916181176e-17
8.214170883258819e-18
4.253939394488771e-19
2.316098919703701e-17
7.480159896602398e-18
1.1973558650635498e-17
2.941586393430275e-17
7.546132090338476e-18
2.3484623140857544e-17
6.072327631457682e-18
6.1909978480711434e-18
1.3283221173718707e-19
1.7554556101525954e-18
4.976807935830521e-18
2.2017257683867628e-18
1.0263292382935098e-17
1.5223284305909662e-17
4.0522225299276944e-17
8.59014251670742e-18
1.1603787050451575e-17
5.667508341274399e-18
1.2998329580994796e-17
4.787263044618812e-18
2.6273907236429192e-17
3.21801648479767e-18
3.662585361370194e-18
3.4460270028335247e-18
1.3531891752453086e-17
6.448644710009407e-19
5.9657814767178574e-18
5.210603051567979e-19
1.425690954730273e-17
3.2873245582322747e-18
3.97927181338049e-18
1.689923500068034e-17
1.3233290171067136e-17
1.1640282028758292e-17
1.3521715948896952e-17
1.470411346837728e-17
7.001810739239609e-18
8.962035328935292e-18
3.3771386745919585e-17
5.637678806628681e-18
2.2824845871221376e-18
6.577387517595424e-18
1.2832039816723739e-17
1.1813270259094959e-17
1.5002586355281136e-17
1.576443537363203e-17
1.187521074089234e-19
6.8454683242812074e-18
9.90286775532265e-18
4.767663080608903e-18
7.159622748134252e-18
1.0233378747314186e-17
1.0843383250978743e-17
1.7557084375253788e-17
2.2272489670879168e-18
3.864325831374078e-17
1.4393356710983875e-17
2.4070752864187525e-17
6.9175632865490935e-18
3.029388835419778e-17
2.980089857061161e-17
1.808180350934743e-17
5.309253389338013e-18
1.3336633467073766e-17
2.7896688047380376e-17
1.44470511331985e-17
2.2070064316993218e-18
9.667914370293181e-18
1.9241074347950782e-17
2.000575745570368e-17
1.4579803014092007e-18
2.678780500784788e-18
1.5411468129751927e-17
6.796099066525199e-18
1.5506811392991925e-17
9.559591445936609e-18
1.2596819778072689e-17
4.508780800064949e-18
1.0247299423340387e-17
1.1275891943560651e-18
1.4563573513945315e-17
2.0859674017377293e-17
2.1864435954016047e-17
2.9424322017690942e-18
2.3185168209496752e-18
1.2493639495536988e-17
2.691852328208562e-17
2.0753551327865566e-17
1.8573100705904966e-17
4.0181709328938225e-18
1.5005503500065244e-17
1.1430575070716366e-18
1.2088937281048976e-17
1.6198862311934212e-17
3.09892163186374e-17
1.07269899705847e-17
8.062291045067718e-18
5.721087548424261e-19
4.852980241802818e-18
6.972696167329972e-18
1.4390145758496826e-17
1.5466350024473605e-17
2.0753043047560267e-18
8.543798576869817e-18
6.378499700693137e-18
4.234981544779095e-18
2.334807822852115e-17
1.0641611764919889e-17
1.581269606186855e-17
1.910453712467194e-17
4.611003445011775e-18
2.153802938118382e-17
2.153247135473775e-17
8.150937244286839e-18
3.847081000361763e-18
1.3705959747776694e-17
9.043984726791197e-18
6.601640106465678e-18
6.4207345403422236e-18
3.1793112011936157e-18
3.861448256550805e-18
5.568592059286502e-18
1.089392752021131e-17
7.385805639155016e-19
3.271280005464932e-18
2.462896673821687e-18
3.2831220820032374e-19
2.904000003631597e-18
6.682983634477929e-18
6.682983634477929e-18
5.401724779254169e-18
1.1876578919377685e-17
3.640052681590721e-18
1.306994254887891e-17
1.534096314579928e-17
2.7272689128202036e-18
4.6358277075682446e-18
3.1013096400902696e-18
3.9156502577164536e-17
4.2353631089129555e-18
3.1425212461329446e-17
1.896100539153813e-19
3.736147493505783e-18
7.943127168912776e-18
1.1481914501027601e-17
9.974422782192534e-18
6.093833501394511e-18
2.3920510135576824e-17
8.635503051656911e-18
1.6837301431214775e-17
1.8282834656555023e-18
1.286483162764214e-17
3.225036408472831e-18
1.9564337521819325e-17
1.0540295441385483e-17
6.497255871799277e-19
1.723738083369834e-17
1.2894458620196674e-17
7.874027856560747e-18
4.721308617483804e-18
8.031758613751054e-18
1.5387376074301084e-17
3.363875624139896e-17
1.280947533515e-17
7.256598199027639e-18
5.755094997893879e-18
6.560945239317229e-18
2.7989597348214694e-19
3.682171903299469e-18
3.236178382655541e-17
5.445095015543295e-18
1.9381920421531892e-17
6.506716590615109e-18
6.541112587613243e-18
3.776736406986204e-18
1.749368267087348e-17
1.719819134421394e-17
2.286713791681747e-17
4.896743933190896e-18
2.864664399107596e-17
1.0668658321776805e-17
1.515981306567675e-17
1.659600614493609e-17
8.49855406204688e-18
2.620336863598083e-17
6.4493092233502146e-18
1.2336770543547392e-17
7.76749857858961e-18
3.8755132751096665e-17
2.6078797531381754e-18
1.3479370978184923e-17
7.448635156130605e-18
7.448635156130605e-18
7.046495570298763e-18
2.8085645456993586e-17
1.8384139624180643e-17
8.40183609033122e-18
2.409503444414937e-17
1.243552753384408e-18
2.3591523141731708e-17
6.856626219813514e-18
5.479864042324607e-18
1.3235220918662258e-17
7.674689460877702e-18
9.118905659457334e-18
1.4404315644982876e-17
1.3967586299233548e-17
2.857843765090483e-18
7.20204904271724e-18
5.7246397429461774e-18
1.2733295252764327e-17
2.165716977101603e-17
3.416762097307577e-17
4.206348299330573e-18
7.04079874743781e-18
1.633565450303568e-17
1.3221499726092427e-17
5.947038715578821e-18
5.047871312636346e-18
1.7515835300066344e-17
9.650202754600669e-18
1.584096202442383e-17
1.551136752208715e-18
3.4929371203159384e-17
3.4929371203159384e-17
3.4929371203159384e-17
2.2041977797309132e-17
1.9304202597609478e-17
1.2197452008834745e-17
1.6074810731817798e-17
9.520521211800795e-19
3.757908854062696e-18
1.3394749508082552e-17
2.0344141791740562e-18
2.0344141791740562e-18
2.0995798188529974e-17
1.5947176423136343e-17
2.031107072968094e-17
1.9787333884454632e-17
3.8024330255903695e-17
3.4013470266596385e-19
2.868723967309077e-18
1.4255802180392727e-17
8.715559309130358e-18
1.5479385503286007e-17
2.2297772006474406e-17
5.9877025169968144e-18
1.3460199832794547e-17
1.2117076137775336e-17
1.3463461312538414e-17
2.034524294923654e-17
2.204801287948508e-17
1.04694724274377e-17
8.913106285731293e-18
1.0468380274315025e-17
7.659919887029045e-18
1.6214025253073716e-18
2.1303760079722638e-18
1.2907434376805631e-17
5.713699598096553e-19
1.1978745884267295e-17
1.1048931521398976e-17
3.1945707651471624e-18
1.8681866105128008e-17
1.0769222359218577e-17
6.192234220827383e-18
1.939803063618805e-19
1.1306780991531328e-17
5.789253265629339e-18
3.240678496501673e-17
1.0781951183418663e-17
3.4493611070762758e-18
1.7796254206190398e-17
1.765268094557072e-17
6.976025848853605e-18
1.4799227665358957e-17
1.2450033317079461e-17
1.636820625828631e-17
6.890824606149702e-18
1.5048805694702553e-17
1.7107974522018352e-17
1.0934900069247904e-17
6.922605403634338e-18
4.487821287719293e-18
1.1095436165634851e-17
2.6718605407234397e-17
6.033494553962236e-18
2.3852078489155602e-17
1.2654763680680093e-17
1.2098980916504668e-17
1.923892409999917e-17
4.328103344463712e-19
1.971220412292257e-18
1.2427356631682464e-17
1.246546012167288e-17
3.310670684221834e-18
3.12884086933863e-17
2.2067855298618604e-17
5.8520439196291456e-18
5.6433013006417705e-18
5.28924124088852e-18
1.2192490694932561e-17
8.01985804704341e-18
3.8851837402287025e-18
1.4840414550102802e-17
5.850673911224781e-19
1.544583670219888e-17
1.7870601190001373e-17
9.972503333647003e-18
1.148220685540901e-17
2.1904681405702466e-17
2.615485394116747e-17
7.505744146197163e-18
7.520470186460636e-18
9.660741390620686e-18
1.8295118385664363e-17
3.854465887231574e-18
1.3869688312511661e-17
5.079744586290841e-18
2.1404175927109286e-19
3.982453080076119e-19
4.580599163171265e-18
5.393817912003768e-18
7.493956151800718e-18
1.59410958476027e-17
1.5912743797957158e-17
3.3814643190945324e-17
2.1752001049102373e-17
1.4731938871527665e-17
3.5950413247544685e-18
8.137831643689817e-18
9.184362714531405e-18
1.8861023305138456e-17
4.12605838985404e-17
8.54744215434889e-18
2.3073055783375468e-17
3.2158812142356538e-18
1.6468834559244874e-18
1.7326623419177168e-17
6.064111377834009e-18
1.1929597661011178e-17
1.703464162956672e-17
8.376210660726883e-18
2.0099920676205152e-18
1.5212854263117564e-17
3.9399144993995656e-17
3.974332211862781e-17
1.8888501115830915e-17
2.1578733293153483e-17
1.0192549731735223e-18
1.7467595529289847e-17
1.0958195210431873e-17
8.30495749402844e-18
2.0667617616508916e-17
3.9412966404172274e-18
3.6873995044613724e-18
5.348813294634834e-18
5.348813294634834e-18
2.2810818756509836e-17
1.8269227173003134e-18
3.574453637148337e-18
9.166146121963572e-18
3.1522727836319303e-18
3.5134013578571805e-18
8.106687322427855e-19
6.835402218107224e-19
1.4826800081977644e-17
2.1218725936688882e-17
1.1319652884035277e-18
3.1722677007362867e-18
3.885552004356722e-18
9.528823769346723e-18
5.934110782753317e-18
6.577131575886392e-18
2.21074668801607e-17
2.3780129669834637e-17
1.3080418848617691e-17
3.1261415191935398e-18
1.5082266595071545e-17
1.2974955944442622e-17
1.2973113246621197e-17
3.8184324848970515e-18
1.8693519752837832e-17
1.372329183095437e-17
1.293191677402012e-17
3.2483226875081516e-17
2.533206825179629e-17
9.393527964158475e-18
3.0448466523788035e-18
9.164625103740777e-18
2.512777141978203e-17
6.7045671139653565e-18
9.599754809239527e-18
1.6804935602851813e-18
1.2515464122793213e-17
2.7589091863033484e-17
1.0157222857264515e-17
1.061264354075478e-17
1.620550477575302e-17
2.3752450628161804e-17
1.5152235910051528e-17
1.321288138081593e-17
6.265190593157009e-18
2.8088578803605454e-17
1.6187859944633666e-17
1.353216103704063e-17
2.40692226230184e-17
2.17776197766986e-18
5.787389568213106e-18
1.833545949577395e-18
6.3383559235266544e-18
3.2212585645763503e-17
4.187731246089846e-18
1.988153141383515e-18
2.095478354420022e-17
6.611536841434864e-18
1.3268039850837927e-17
1.3619743647883094e-17
2.1738395199558475e-17
2.842933654331271e-17
5.209187139899571e-18
1.1658820004829116e-17
1.4156379437030044e-17
2.333483784616242e-17
4.980380566898037e-18
2.30992928103272e-18
4.439162845526475e-18
2.0709758034598983e-17
3.6891876098484295e-17
1.8814179454403054e-17
1.2591997989346023e-18
1.6275209666559434e-17
1.1315496688323928e-17
1.167734945166761e-17
1.2334348971508747e-18
7.821921328177596e-18
1.5629398467507367e-17
1.389680759368817e-17
1.5647683453824675e-17
1.1662135043974686e-17
1.9161010965731482e-17
1.538389120704192e-17
1.818578101598671e-18
6.649540208787319e-18
3.78248710987718e-18
1.6280933180599377e-17
3.097110103307783e-17
1.1780279092191633e-17
2.295836835828184e-17
1.8414705196919148e-17
1.909575451567429e-17
7.44146694521708e-18
1.4610540604323974e-17
4.8059941542333105e-18
1.236113920650853e-17
1.2158725746723048e-18
8.384495677207349e-18
5.83865564123329e-18
1.509804848567317e-17
1.8716719927023012e-17
2.6645947827764837e-18
4.0554348806977655e-17
3.053403283046946e-17
1.0704105702042047e-17
1.4135671035959988e-17
1.0207271338684305e-17
1.3333510647961113e-17
1.0713840052731228e-17
1.0713840052731228e-17
7.59996049512555e-18
2.4146040451681305e-17
2.2477100057108866e-17
2.128502494219107e-17
1.9717068313095758e-17
8.015100338920817e-18
1.1361442838901628e-17
1.3906519749480825e-17
1.946621657715078e-18
1.6956550156466965e-17
3.502448274573028e-17
2.816317677409555e-18
1.3770897746245287e-17
2.5951730494765143e-18
3.355097921434227e-18
7.17993411557998e-18
1.2754450217605474e-17
1.7811331602829132e-18
3.706468838588665e-17
1.1709632655942974e-17
3.09748494487862e-17
1.451791488670559e-17
2.2340771133711573e-18
8.755062478139829e-18
5.8087471857014986e-18
1.7116499433921478e-17
4.7885025722370985e-18
6.005684283766027e-18
7.501450005893519e-19
1.0292315846396388e-17
3.5252446684678956e-18
1.1626921329957088e-17
1.1482661516153627e-17
1.3353858681568373e-17
1.0483404902503605e-17
2.347165427067689e-18
2.9789800966557357e-17
6.977276994765823e-18
5.264632120152228e-19
2.206906178397727e-17
1.4771153303694682e-17
2.4088940939193444e-17
1.6335757493722782e-18
2.0253599304316422e-17
2.3751814182610723e-17
2.3751814182610723e-17
1.3226090110907614e-17
2.465249173295665e-18
2.7409334260172748e-17
3.432348850971561e-17
1.6595699111815866e-17
1.3585304619473e-17
9.002351859224136e-18
1.0854403257190799e-17
4.4679500814216956e-17
2.457006955563071e-18
1.0749306150936329e-18
4.5354144196380006e-17
2.943817412683235e-18
2.1761582855515195e-17
3.4576623583833655e-18
3.16276057337669e-17
8.329232791583956e-18
1.682965732813847e-18
2.6594738420879753e-17
4.210588312849511e-18
1.3744482334311678e-17
6.547105839336483e-19
2.1217760997243717e-17
8.582705918772536e-18
8.452608990764105e-19
1.8994940684789166e-17
1.2483908294871485e-17
9.453029768009125e-18
2.512247328534389e-17
2.2444789465428628e-17
1.7952506903487378e-17
2.465162608426701e-18
2.1937402455974518e-18
2.180772625420714e-18
2.1937402455974518e-18
7.928248725684248e-18
7.886517693711669e-18
3.348467925089393e-17
4.114270213303069e-18
7.312922420578015e-18
9.532210773974854e-18
8.944732532121441e-18
1.3384086886886492e-19
1.405343701314437e-17
1.405343701314437e-17
8.640843855985736e-18
2.6121534010067993e-18
3.4017109676428127e-19
1.68410319061837e-17
5.718197710762792e-18
7.574029975807658e-18
3.304464371848876e-17
2.4937446979881176e-17
9.957836283957856e-18
4.059590863900566e-18
9.605694326249415e-18
4.5711878520792045e-18
3.974288949544708e-18
9.701160698273172e-18
1.3111784911216407e-17
6.557065446595704e-18
1.7639729485529657e-17
4.460540737054616e-18
3.908220098259756e-17
1.711736151522848e-18
2.713461733004546e-18
1.136020194195842e-17
2.0226945861054697e-17
9.013166464414957e-18
3.872442285539912e-18
3.3893879884785144e-17
1.3680605924104292e-18
2.910988239722069e-17
1.0777947228681531e-17
8.381582228230222e-18
7.539958834011423e-18
1.4274022264024884e-17
6.009659887111778e-18
1.4996936498700865e-17
2.6006150244163974e-17
6.4596165540217274e-18
5.068579857716793e-18
4.5673573383424456e-18
2.7292801315605814e-17
1.401892624741218e-17
2.1444951311524346e-17
1.6555650768644815e-17
1.014269698020384e-17
1.5254760744528452e-17
1.7721864149914546e-18
2.218935139213115e-17
2.54055303650202e-17
3.345181029562432e-18
2.9909859150069245e-17
1.0596603918884478e-18
5.1820696414992515e-18
2.1037840633198935e-18
2.5525313583747926e-17
1.8039475762392408e-17
1.6877906916431598e-17
4.150910148165862e-18
5.454242088258968e-18
5.454242088258968e-18
3.495154417123237e-18
3.210782492323284e-18
3.210782492323284e-18
7.808386475062004e-18
2.50048234500318e-17
1.1101579042998494e-17
1.0592884774976611e-17
1.9609093562542724e-17
3.931524632451077e-18
3.3541000048298422e-18
8.627925800330034e-18
1.854237713447491e-17
1.5670844346391987e-17
4.822892791234061e-18
2.7258421709553056e-18
2.1094510091052716e-17
2.1582754258527437e-17
2.6460946562382823e-18
3.433242159060578e-17
1.897716311966319e-18
6.142075493774539e-18
2.1347100355099606e-19
1.7520491989256805e-18
5.0260556798480875e-18
5.0260556798480875e-18
1.1421867911595977e-17
1.1025430761818833e-17
1.4460572952401342e-19
2.530977736572143e-17
1.0758531827721873e-17
2.036868634503961e-17
9.764128253297729e-18
3.26632103985192e-18
2.7301064530526735e-17
1.2634592025562002e-17
3.10445402910744e-17
6.603503428634173e-18
6.739157894679294e-18
4.920632236552778e-18
3.0985482660061054e-17
2.7597999216907126e-17
2.4260375547184932e-17
3.017973690061216e-17
8.094003888526597e-18
9.936958804335205e-18
1.4009656085731052e-17
3.786007413702302e-17
2.7778761282673195e-17
2.0799167666499546e-17
5.994414584946294e-19
1.5109045791748466e-17
1.083089365945135e-17
4.251043713103586e-18
1.2028364537568972e-17
1.3731427070657676e-17
6.891667357442775e-18
1.5005302509206e-17
